State,County,2000,2001,2002,2003,2004,2005,2006,2007,2008,2009,2010,2011,2012,2013,2014,2015
CA, Alameda County ,5.310930861,4.219168089,4.445642108,3.369636004,4.219347993,5.341491247,3.530672545,3.915601612,4.129411701,3.336583165,3.171136317,1.827653573,2.764309803,1.644293732,1.429576572,0.489971808
CA, Alpine County ,0,0,0,0,0,0,0,0,0,0,0,0,0,0,0,0
CA, Amador County ,14.22353711,11.20542342,16.41092968,13.51570525,13.36898396,15.77287066,7.822073893,18.06171948,18.30161054,2.61519954,13.20341176,5.329922183,10.78486883,0,0,0
CA, Butte County ,11.77584676,9.214667811,10.99846978,10.40282579,8.917466501,6.984801073,11.99129248,12.41556268,11.87030324,6.825099988,7.727869881,5.454867788,5.877565784,4.051936826,3.125362765,0.887898389
CA, Calaveras County ,12.30163612,19.36858416,14.15762152,9.141812364,6.737031215,6.623247599,10.85894234,8.645283998,4.322922295,10.89324619,13.19783555,6.650999867,8.936550492,8.97323732,4.4854112,0
CA, Colusa County ,10.62868683,21.02828304,0,0,4.948780126,9.737098345,4.786979416,18.97983393,0,4.705882353,9.325748391,0,0,4.689991558,0,0
CA, Contra Costa County ,7.976406629,7.621386021,7.245918303,5.670708059,5.94503962,7.207113421,7.493750212,5.450120497,5.276817962,6.262706067,4.558945744,4.314687007,4.451690808,2.467939636,2.43463457,0.801259937
CA, Del Norte County ,14.57725948,7.328154771,3.650034675,7.246114271,0,7.071885718,21.2682996,0,3.509264458,0,7.002310763,7.025925666,0,3.592341129,0,0
CA, El Dorado County ,9.544291877,17.38040111,7.264142377,10.69321753,8.738559769,7.428444084,6.222669752,11.25530406,8.372871895,9.974785958,7.72827389,4.976142163,6.092225213,5.511858764,2.731777677,1.084839905
CA, Fresno County ,5.241561087,3.074951324,3.736011049,3.89521632,5.690825576,4.470067739,3.281055187,3.68331114,3.957653112,3.472681931,2.681071528,2.44551811,2.006666357,1.992111239,1.349736438,0.308600702
CA, Glenn County ,0,0,11.25661326,11.10453065,3.687043728,7.301135327,14.46549978,0,3.569006745,0,3.557579423,17.7393032,7.158708569,3.582303421,0,0
CA, Humboldt County ,11.86127058,6.273525721,5.43562665,7.706891502,11.4764885,3.041894492,8.327466255,14.39383035,10.5535328,5.233879651,6.665086794,5.915278425,2.22778343,4.459143101,1.485166896,0.738645177
CA, Imperial County ,4.915385156,5.566882615,4.806371876,6.040917145,6.567756257,2.562246578,4.984268403,1.822644536,4.764258532,4.069578159,0.572242791,2.837249684,1.128114301,0.564353195,0.559077745,0
CA, Inyo County ,22.27791701,11.0393553,5.436555398,16.13510461,0,10.82368222,16.33097441,10.85422772,10.91822251,10.78515962,5.40160968,0,16.29726206,5.42947117,0,5.479151827
CA, Kern County ,6.779119709,7.981388584,6.915838567,5.74011021,6.654932256,5.652495117,4.078974036,4.232640882,5.865625844,4.216171548,2.970264092,2.236651897,2.804367335,1.735199328,1.375929039,0.568506771
CA, Kings County ,4.621250048,6.020424289,2.954886274,6.456565251,2.785495923,4.82269699,4.738951473,1.329610424,3.288889474,3.940162072,1.312611572,4.608446624,5.296540035,0,2.004423094,0.665198795
CA, Lake County ,13.6663364,8.303027284,9.754035732,8.000512033,3.168768617,4.701383774,7.787919379,9.363734257,15.52987949,4.657444926,9.267411149,10.89629837,10.9474211,10.9759157,4.680260222,0
CA, Lassen County ,2.965687001,5.961607249,8.973975471,0,8.706251088,2.899559267,2.889755816,2.8078057,0,2.844141069,5.740857684,2.916472235,2.970708811,3.111000498,0,6.383046628
CA, Los Angeles Registry ,5.661450898,5.443571049,4.883620943,4.914435078,4.43161794,4.301900203,4.313020547,4.123558726,3.90338225,3.351247522,3.053288122,2.689999956,2.139938946,1.697379924,1.241728227,0.425226619
CA, Madera County ,5.664026152,4.777792819,7.790042767,4.520182615,3.646813414,7.839615716,7.658993747,6.161555998,7.414447388,2.680354343,2.647270995,1.974177755,1.316248429,1.317427591,3.245257057,0.64806294
CA, Marin County ,8.888170653,10.4895387,10.96558026,8.977613098,8.61471311,14.74165254,15.53683866,17.05597609,16.10318924,11.56014064,9.488191155,11.35220409,6.638965259,6.189411464,2.303121497,3.064500065
CA, Mariposa County ,17.54283375,29.24147611,5.799454851,11.29496809,22.41649854,11.12842199,10.97755091,10.88968747,21.72496198,10.98177026,5.47645126,16.49439191,5.599731213,33.81043615,0,0
CA, Mendocino County ,10.41582279,10.36376827,9.157089877,12.48014522,11.35976372,13.63930849,10.30396703,9.187904124,12.5760278,6.839789334,7.972029565,11.43615196,6.86428171,8.026878576,3.430570961,1.144780374
CA, Merced County ,5.653497159,4.11304475,6.656282865,4.746801303,5.48106923,4.122793275,4.076009424,4.023497224,2.793987339,3.963504055,3.504249876,1.925461533,1.912557855,1.522875494,1.508642637,0.748780424
CA, Modoc County ,10.6315118,10.69518717,32.04443495,10.52520787,0,10.45478306,20.79650619,10.49868766,0,20.733983,10.31459515,0,10.72041166,21.97802198,0,0
CA, Mono County ,0,7.562008469,7.460459564,7.489514679,0,0,7.276431638,0,7.213966239,7.138777841,7.01951425,6.941070313,6.980802792,7.132667618,7.11997152,0
CA, Monterey County ,5.707337651,5.649967328,6.357325718,5.369455122,7.095131027,5.430235055,4.479495111,5.467522914,4.186965238,1.949968679,4.562755905,3.32417602,2.583378542,2.336099275,0.465222306,0.462955461
CA, Napa County ,9.633524666,9.462379158,10.09755794,13.06305614,10.73726675,6.902846274,8.368837492,13.5764012,8.949012998,11.82732111,4.385548157,7.249528781,4.319716627,5.71012548,3.543661453,1.40990032
CA, Nevada County ,12.97016861,10.67065038,8.452460194,12.5515135,9.325265252,14.39588689,3.075377503,21.47371004,11.20162933,8.114330923,13.16029236,8.099461386,5.086211281,7.131504951,4.048746913,2.023697498
CA, Orange County ,8.547867885,8.317573265,8.905714615,7.305310073,8.396474025,7.891008842,7.53684614,7.163252922,6.255086484,5.389704058,4.937621929,3.732951219,3.047065821,3.02000658,2.584195317,0.918717863
CA, Placer County ,11.95161984,8.34550386,9.750566075,7.223296162,11.5572198,12.46954553,8.386812204,9.421833732,10.07204474,11.34347459,4.282850894,5.885930664,4.98590098,4.366395131,2.699157323,1.068424581
CA, Plumas County ,9.63669654,4.803073967,9.584970766,14.31502601,14.28571429,14.2789148,4.816491667,0,14.69867712,9.916208042,15.06175319,10.15692448,5.17410876,5.306728932,0,0
CA, Riverside County ,10.51966504,8.783682639,8.416575438,6.716879575,7.971809956,7.40248009,5.764347511,7.758351914,5.356181318,5.869405723,5.221989024,4.650859112,4.371017242,3.840359737,1.851489049,0.97752043
CA, Sacramento County ,7.723954014,7.739345172,6.225601981,6.473315263,6.227148589,6.687164172,4.892071413,5.430214146,4.733089603,4.259545464,4.360001069,3.972119899,2.142014157,2.123254223,1.353054554,0.668161567
CA, San Benito County ,7.437570889,3.660054169,5.448997384,1.811659843,9.11593648,3.65985324,1.847609194,3.698772008,0,1.837019619,5.400151204,3.561316975,1.760594377,1.740008004,0,0
CA, San Bernardino County ,5.529566593,5.963432234,5.222828651,5.145941613,5.213091706,4.681252971,4.812222031,3.865149453,4.491611915,2.979205148,3.771621925,3.393207284,3.032860319,2.682062985,1.756939317,0.282679519
CA, San Diego County ,8.523834551,10.8374755,9.378162328,9.503544445,8.70305088,9.32488195,7.871640684,7.225088734,6.485522065,5.259370254,6.056025971,4.807857631,3.237453375,2.73426176,1.810451275,0.820607584
CA, San Francisco County ,6.170577913,4.226082614,4.52943681,4.69875744,4.071848422,4.456000923,3.902946725,4.623250068,3.665540882,5.362117513,3.102637738,1.961572789,1.327194456,1.787246211,0.823118821,0.232017485
CA, San Joaquin County ,5.282759714,5.074364816,5.746739546,3.98865308,4.666370093,5.327366683,3.771808597,3.742066818,4.317455024,3.836302041,4.509878088,1.870657018,1.85552325,2.986072107,1.542305438,0.414653295
CA, San Luis Obispo County ,9.280218206,9.146511202,15.80509161,13.74305975,12.4590215,13.53363107,13.43580373,11.41682841,9.385864138,10.06917899,11.11485723,4.425170369,8.379267506,6.517229019,3.585810232,1.067767654
CA, San Mateo County ,6.781385098,6.377361218,7.883857873,7.647278651,6.810005202,7.245557749,5.650732567,7.782673175,6.535669125,5.18485406,4.444845715,2.880978545,4.054152669,3.070957818,1.981979839,0.655143994
CA, Santa Barbara County ,8.750218755,11.40974889,10.85942475,11.55330498,10.55774349,7.841618902,9.556832523,10.45610503,9.137712542,7.612595038,5.655095712,5.868572153,4.179844788,2.294630564,2.950836789,0.675957325
CA, Santa Clara County ,4.391829535,5.627688702,4.852193791,5.650423902,4.810100249,4.834920301,5.203532016,5.081698526,4.824913094,3.625780888,3.638120111,2.813221922,2.12073162,1.874704399,1.693279374,0.209412572
CA, Santa Cruz County ,7.035784783,7.420570603,7.464709603,10.27582691,6.340249489,11.13864833,3.97431006,5.132173199,6.627163574,10.38425593,4.178220078,3.020053153,6.005217032,1.859095439,4.428518181,0
CA, Shasta County ,10.39024539,13.82145089,14.10122328,12.12457131,9.721674187,11.95797625,11.35292849,15.85970954,8.462766648,8.461239064,9.02323483,11.23829111,9.527545816,7.260055176,7.790025429,1.673164121
CA, Sierra County ,0,0,28.71912694,0,0,29.60331557,29.20560748,29.64719834,30.12048193,0,0,0,0,0,0,0
CA, Siskiyou County ,2.261522457,11.38744648,13.64721938,9.031995845,22.52556652,2.240093188,20.23062917,6.746879568,13.39883877,8.930963651,2.225387217,6.715465718,9.060638322,2.291895856,2.300119606,0
CA, Solano County ,3.526679329,5.93752242,5.144209335,4.162493971,5.375017408,6.614712591,5.386849232,4.164186526,6.846434475,4.387140803,4.347469048,3.841665746,3.810603481,2.358646326,3.02606372,0
CA, Sonoma County ,11.51120388,10.31608041,8.596641292,8.145958426,12.42478187,6.653245711,9.673508345,10.91245218,9.089160436,9.176627131,9.075589346,7.177411251,5.912225871,3.638885126,2.203666902,1.99412133
CA, Stanislaus County ,7.564447984,6.468849256,5.4453797,4.308956268,6.089973265,5.199792008,4.359448411,5.710527456,5.107733895,4.496262238,3.298780227,4.05348281,4.603345097,2.858536734,1.510134893,0.560344425
CA, Sutter County ,6.313769068,0,7.302645992,5.905209576,5.781416216,6.759497093,4.390201071,8.605944556,4.261893346,5.298518534,6.328713373,3.170778109,3.179245883,4.219364775,1.050023101,0
CA, Tehama County ,12.46216842,7.056540531,15.68490763,15.37725533,10.07201491,6.60044223,3.247438583,9.654528779,4.788660452,11.13036842,12.5843545,9.48556613,7.919788383,3.182939445,3.186946268,1.585464462
CA, Trinity County ,0,15.55330897,0,0,15.19872331,7.44047619,7.334604665,7.327080891,7.322788518,14.5327714,14.52960407,0,29.62962963,7.446016381,7.621370322,0
CA, Tulare County ,2.984046204,5.627446935,7.640264722,4.630308456,5.022273784,2.696276687,6.507262828,4.26398825,3.72714503,3.203756633,4.965209679,4.693954187,3.550025405,1.323469077,1.09621477,0.436454419
CA, Tuolumne County ,9.147791723,12.66899535,14.32408236,10.61702617,12.36705417,14.08748327,15.8786168,17.74969382,15.98011364,16.11603546,12.68529593,7.306069517,9.236339454,11.12347052,1.857803704,1.865149678
CA, Ventura County ,9.385252728,10.0431857,8.21050714,8.374890555,7.556732167,9.191674106,6.38951218,7.249755321,5.580682406,6.379350533,6.058256192,4.333657956,3.475055691,3.216207781,2.369449269,0.825745324
CA, Yolo County ,2.944033915,7.414293617,2.218192506,4.372683844,5.398489503,4.29486388,6.85599768,4.631082799,3.550523956,3.00313828,2.98326389,4.946405694,1.951895535,5.80593657,0.479071751,0.942498186
CA, Yuba County ,8.281985026,1.632679717,6.441223833,4.782172063,3.137648646,10.56045863,2.887169419,5.652831362,1.393281596,4.189534543,4.146739281,1.37839775,2.743446592,4.096513867,1.355454348,1.345913135
CT, Fairfield County ,8.480670855,10.12301715,8.511591444,8.255777371,6.68544534,9.246334608,6.471379765,6.128147361,4.978845439,4.942768236,5.54498505,3.983248824,2.353114829,1.807316656,2.437251374,0.423426494
CT, Hartford County ,10.25143986,8.92678069,9.568263798,7.557237486,9.262975885,9.338546216,6.127325831,6.783125393,8.672235669,8.186912827,5.807538185,4.013122912,4.011499632,2.561997556,2.119925289,0.670621845
CT, Litchfield County ,10.95308247,9.776339087,9.141062729,5.869045586,5.832418704,8.469551961,12.65275566,8.426995881,5.25831471,9.472936347,6.323410848,6.350281529,6.400443764,5.354465624,2.160877316,1.088281386
CT, Middlesex County ,12.8540487,12.73836669,8.794688008,7.459717525,5.574481264,12.33114045,4.893774507,7.311322192,7.27440259,9.057588145,7.848772271,6.617536472,3.625114795,4.236800852,2.430798213,1.222665778
CT, New Haven County ,10.1829167,8.917005573,8.382239711,8.195368073,9.117767213,9.561335376,6.704249671,6.326162901,6.420568232,4.069649138,5.443090749,4.166623264,2.892925871,2.318270755,2.553584652,0.465618172
CT, New London County ,12.31489178,15.68501431,11.33367082,10.12813972,10.42461699,10.75412365,7.754399699,7.019643919,8.06942641,6.578226072,7.662220147,7.685944969,3.646082102,2.194546552,2.940603485,0.369495897
CT, Tolland County ,5.84526132,6.477895979,9.834084938,5.509831606,4.771447657,10.8359238,4.028089209,5.343378886,4.61793209,3.282347535,4.568773089,4.572384106,1.315737537,0.658410203,1.976831534,0.659265315
CT, Windham County ,9.15876723,5.460999363,8.10241452,6.213771493,4.373840932,6.918260749,6.850605422,4.264610556,5.937839305,4.233270116,4.216100444,5.066497783,4.237467689,3.399394908,0,0.857522617
GA, Appling County ,0.038624832,0,0,0.036567684,0.071587957,0.017539998,0.017098594,0,0.016446062,0.032488033,0,0.03198788,0,0.015812779,0.015690163,0
GA, Atkinson County ,0,5.729017474,0,0,11.27395716,0,11.28349788,0,5.514807257,0,0,0,0,10.89858863,0,0
GA, Bacon County ,13.17349493,0,25.81311306,0,0,12.35177866,24.39917043,0,23.90628735,11.9246363,0,11.96029183,0,0,24.38132391,0
GA, Baker County ,0,0,9.9000099,0,0,0,0,0,0,0,0,0,0,0,0,0
GA, Baldwin County ,74.53416149,99.87515605,127.4534795,72.74490786,24.85089463,25.20796572,51.58627805,242.8494334,53.64806867,56.17977528,29.12055911,0,29.71768202,0,61.38735421,0
GA, Banks County ,2.237937517,4.467875972,0,6.603129884,2.175473709,4.319281272,4.299873154,4.225114078,2.089645805,4.247456835,0,2.216410302,4.302555718,4.334351906,0,0
GA, Barrow County ,34.37843784,13.31114809,25.83144979,37.88835565,18.46153846,17.98237727,11.71234481,11.3960114,16.71029911,27.46045694,16.29726206,43.63239705,5.484560961,5.464779496,10.93852549,0
GA, Bartow County ,17.19690456,24.91125366,9.918863695,15.31012573,9.08562291,6.909775605,4.8863914,9.264978382,8.907098958,5.83532707,11.47874996,8.588605783,5.701173016,0,4.110602614,2.662867642
GA, Ben Hill County ,1.301981616,0,4.813130219,2.332878422,1.138511283,1.1070029,4.301861631,0,0,1.001933732,0.99865182,0,0,0,0,0
GA, Berrien County ,0,11.5506786,17.46419839,0,0,11.5989097,11.41226819,0,0,11.37591718,0,0,0,5.741516909,0,0
GA, Bibb County ,79.91148267,36.60322108,41.98908284,35.25885879,34.4847405,16.91570341,33.23915573,60.25746371,15.90415098,20.97865422,25.84914439,20.6430304,26.0960334,15.77121228,21.28791911,0
GA, Bleckley County ,1.299908356,0.651262146,1.299300327,0,0,0,0,1.296293896,0,0.644520928,0.64272722,0,0,0.646972814,0,0
GA, Brantley County ,17.16148962,0,8.505571149,0,8.320852055,8.246062505,0,0,23.10358106,23.01672549,15.33859959,0,23.23960028,0,7.840677435,0
GA, Brooks County ,6.802721088,6.625588021,6.42838776,0,30.82234003,6.047777442,0,0,0,5.51602405,0,10.77005924,5.394034198,5.470459519,0,0
GA, Bryan County ,0,6.132335807,6.161809107,6.230141424,12.4015626,12.40387001,6.131583788,12.24514786,12.13960546,18.32061069,12.29785402,0,12.78118609,0,0,0
GA, Bulloch County ,4.260032376,8.379771232,8.204455019,11.96697116,0,11.29645668,14.62736781,10.5999576,17.13619851,6.669556808,0,3.20081941,3.098661378,0,0,2.852904257
GA, Burke County ,1.78107078,1.760315449,1.743344781,0,4.93161494,1.586093135,3.110226424,1.52049629,2.980981339,0,5.667327855,0,1.366829775,2.782686127,0,0
GA, Butts County ,0,0,0,4.406839415,4.373114095,4.359387942,4.371584699,0,8.664009704,0,0,8.487163166,4.323202629,4.363382494,0,4.397150646
GA, Calhoun County ,0,0,0,0,4.6070211,0,0,0,0,0,0,0,0,0,0,0
GA, Camden County ,15.81027668,0,110.0802013,31.8167356,47.5737393,47.95396419,15.7480315,0,0,89.95502249,44.74940334,15.28117359,15.41069502,0,0,15.4679041
GA, Candler County ,0,6.746272684,0,0,0,2.142566366,0,0,2.011546276,0,0,0,1.945260373,0,0,0
GA, Carroll County ,41.73187272,42.36390595,122.7998363,140.8875918,29.88345453,68.91120299,67.38544474,103.9108256,56.12197175,64.33823529,45.39264639,44.50774435,62.91569297,36.52634463,36.73769287,18.28989483
GA, Catoosa County ,5.686212073,6.583856384,4.251384357,7.187153477,4.009060477,0,6.612944366,1.835755,0,1.811052856,5.420152126,1.806586816,5.383869926,4.451051784,3.507172167,1.743846402
GA, Charlton County ,0,3.660456093,1.784949307,1.735689242,0,0,1.636795155,0,1.580502916,0,1.561694751,1.541687222,0,1.53038581,0,0
GA, Chatham County ,126.0667184,140.5152225,164.9862511,106.3641198,140.6222535,68.75805758,165.4396559,157.5978766,95.20787052,102.6450849,116.8406294,119.1096553,112.5112511,91.72208209,46.43603436,15.37397187
GA, Chattahoochee County ,0,0,0,0,0.415251352,0,0,0.793710637,0.391743612,0.763003487,0,0,0.361636187,0,0,0
GA, Chattooga County ,6.645843025,19.01140684,5.542315579,19.62195042,6.445375443,14.18842225,8.454514711,16.71541997,17.20578114,0,17.89228842,17.67252806,15.83280557,16.08234159,8.364001338,0
GA, Cherokee County ,55.07691097,38.94839338,50.60728745,26.94276587,35.24298077,43.12710735,42.90171607,53.37399924,53.54547541,46.34278211,30.82139004,46.72351361,27.31280971,31.94250349,20.12153407,12.05690861
GA, Clarke County ,0.695521537,0.661423781,1.2603824,5.435274934,3.466104388,2.745321971,2.069954099,1.974879532,1.920574636,1.884729918,1.394077957,0.918539339,0.905846332,0.890944,0.43369272,0
GA, Clay County ,0,0,0,0,0,0,0,0,0,0,0,0,0,0.826173166,0,0.808871705
GA, Clayton County ,0.341340149,0.369193055,0.332560573,0.164941597,0.163461674,0.225678397,0.219945956,0.123255207,0.181984615,0.119857801,0.177701327,0.145667485,0.200161273,0.028281247,0.083586484,0
GA, Clinch County ,0,0,30.17501509,60.55101423,0,31.09452736,0,30.65603924,0,0,31.63555837,31.69572108,0,32.92723082,0,0
GA, Cobb County ,15.96108855,18.75048405,18.87898969,17.81254082,12.53319338,13.65629828,10.4427736,11.51892367,13.35373275,13.45807042,13.08603297,9.135166203,6.765060716,7.934468844,4.110981553,1.827705827
GA, Coffee County ,29.27829015,0,14.55604076,14.42377037,29.0149427,57.57052389,14.64557704,29.24831822,0,0,14.75143827,0,29.70885324,44.13062665,0,14.52432825
GA, Colquitt County ,21.28112364,5.215123859,15.46750535,7.656381594,5.078333291,7.532200156,9.827526903,4.84273227,4.783201397,0,0,4.653218864,2.318034307,2.320400965,0,0
GA, Columbia County ,11.8652112,21.31539682,14.0944327,16.44968746,11.63142345,9.30384016,9.153318078,11.30991427,2.228561241,8.858965273,13.1460748,8.72600349,6.498711089,12.95896328,6.509710318,2.185553491
GA, Cook County ,0,0,2.087290488,2.025090876,0,0.939169962,0.902160675,0.869006031,0.851034858,1.652209831,0,0,0,0.734268302,0,0
GA, Coweta County ,56.76442763,37.77148253,43.79105411,37.35990037,24.58814851,24.14438341,30.08061605,23.74169041,41.01482393,35.05901601,29.05456447,11.76263012,23.65744026,35.16792685,5.781683626,5.853087504
GA, Crawford County ,0,0,0,0.996194537,0,0.922756088,0,0,0.817788536,0.7968064,0,0,0,1.502731214,0,0
GA, Crisp County ,8.05931657,8.002560819,7.966223214,7.941550191,0,7.766990291,7.726184038,7.754943777,7.711884013,15.73440327,15.85539876,0,0,0,8.013462617,0
GA, Dade County ,4.541738578,4.507753336,0,9.011444535,26.88172043,4.453152832,8.803591865,8.640801866,8.604741212,4.277525879,0,0,8.490766292,8.609556608,8.71459695,0
GA, Dawson County ,0,19.32989691,6.386511687,12.57782529,0,6.177415369,12.18694778,12.01345507,24.02258123,12.00696404,12.03948953,12.06054393,18.14442966,0,0,6.172077521
GA, Decatur County ,30.79196945,11.85185185,5.70743679,10.86602195,0,15.2975371,4.840271055,4.649216607,0,4.479283315,0,4.502679094,4.470072862,0,0,0
GA, DeKalb County ,5.396521696,4.654850836,6.338963389,5.830095267,4.372636044,4.483930521,3.625854153,4.027218028,3.824530539,4.673060972,2.174868094,2.437094295,1.978437854,1.813431389,1.097173954,0.540435375
GA, Dodge County ,0,0,3.585257421,10.79330815,3.601916219,3.634909672,3.592599246,3.586414661,0,0,7.191657677,3.614153023,3.637157198,3.647372068,0,0
GA, Dooly County ,10.43405676,5.124788602,5.057913105,4.955401388,0,0,4.7723585,0,0,0,4.593688272,4.66309163,0,0,0,0
GA, Dougherty County ,43.40654571,33.22259136,57.3441468,55.96418292,46.69987547,30.0932892,21.86748305,21.63409533,14.0934395,13.54187826,13.47164219,6.861534239,0,13.99580126,7.080147267,7.182360124
GA, Douglas County ,6.25919319,4.169098641,5.239497427,7.367257801,8.45701721,7.398795053,11.65032091,4.231819047,8.477899177,6.336600203,4.230028976,5.266262218,1.057194207,4.290096313,2.161531229,1.095782334
GA, Early County ,2.155776403,0,0,0,0.931298136,0,0,0,0,0,0,0.750328269,0.747361813,0.733837235,0.722298064,0
GA, Echols County ,0,0,0,0,0,8.511362669,0,0,0,0,0,0,0,0,0,0
GA, Effingham County ,132.2051824,52.99417064,26.65955745,26.01456816,50.94243505,25.3421186,0,50.78720163,75.87253414,49.85044865,99.25558313,97.13453133,24.93765586,24.75860361,0,0
GA, Elbert County ,2.648655807,7.669495858,2.453566259,4.74293303,4.579383615,0,2.091044058,4.027386226,3.941818755,7.705941281,5.718315765,1.896993266,0,1.835266481,1.801607033,1.749628204
GA, Emanuel County ,4.88663018,0,4.852013586,9.721952168,0,0,4.84707479,0,0,4.917629702,9.95173409,5.043881771,5.103082262,0,5.151983514,0
GA, Evans County ,4.57644959,0,0,0,9.268270077,4.592000735,0,0,0,4.453152832,4.423017382,0,0,0,0,0
GA, Fannin County ,28.48732314,18.70732392,36.7478181,18.14882033,9.183579759,9.178522258,27.55073928,36.70061474,9.074410163,36.31082062,27.25043147,45.65376187,0,0,9.236168837,0
GA, Fayette County ,15.03457953,44.09171076,33.26838078,37.34129948,27.43107941,45.09786236,35.15247386,4.313133491,29.89408951,16.90545624,33.77094854,25.51562832,12.77900835,12.65075483,8.435615167,12.35330451
GA, Floyd County ,7.602663104,9.565716472,6.269133919,8.193866891,5.028005993,4.90383578,4.803120107,3.809922944,3.802570538,0.947930194,3.738562336,2.798298634,3.722211366,2.770415655,4.56412597,1.809201599
GA, Forsyth County ,12.10960292,7.677037979,5.399742972,8.552582345,7.445699577,11.6609422,11.55887143,9.443068788,9.382623381,11.41280101,10.37096958,6.236098697,7.286732941,6.249609399,5.205025973,0
GA, Franklin County ,1.992031873,1.843470887,0.863580231,1.630018419,1.542745624,1.453034299,2.037655881,0.636419757,0,0,0,2.193571738,0.533012105,0.513397097,0,0.471420153
GA, Fulton County ,5.387036098,8.048889551,6.121330747,5.837030119,5.553854375,5.680136562,5.467815992,5.727191826,4.229587863,4.198894388,4.619691145,2.291141017,2.539503386,2.937005429,0.968703943,0.272941408
GA, Gilmer County ,4.9227134,9.660435686,9.550186229,4.71853914,13.99906673,23.01495972,9.109127346,13.51655778,4.493574189,0,13.59003398,9.096697899,4.554771123,4.525296407,13.48496426,4.480487477
GA, Glascock County ,0,0,0,0,0,0,0,0,0,0,0,0,0,0,0,0
GA, Glynn County ,33.8495388,16.50914194,20.06420546,31.28054741,22.9226361,18.65114891,10.84402675,17.85969424,21.2682996,7.098743522,21.18718881,3.535692819,7.089684509,0,3.464163231,0
GA, Gordon County ,5.908768613,0,4.322268326,4.261908483,6.995452956,0,5.342593829,6.534837217,5.12735057,11.4001976,5.013096715,6.231772067,2.468343495,4.901900712,1.214284847,1.195685965
GA, Grady County ,4.504403054,2.185457963,10.65212297,8.308235538,8.092906567,7.904825896,0,1.872343612,3.665218905,1.82000182,1.811298882,0,1.796170564,1.795461074,0,0
GA, Greene County ,38.85003885,38.66976025,0,75.6429652,73.52941176,72.38508867,138.264777,66.93440428,66.44518272,32.61578604,65.1678071,64.22607579,0,0,33.0141961,0
GA, Gwinnett County ,2.572930323,4.632942906,4.538629874,3.6919987,3.953150228,3.908459005,3.549535543,3.335906199,2.925641447,2.981741801,2.375848421,2.528117406,2.255667621,1.627698546,1.206828234,0.595354449
GA, Habersham County ,4.232983407,16.92405331,25.38607997,21.08281329,12.58389262,20.80645832,8.202099738,12.18323587,12.13199612,16.06877435,3.992015968,15.89256625,3.944461975,19.85860672,0,7.960515841
GA, Hall County ,33.24560188,59.5979845,34.73985195,26.28051825,28.57810917,35.75533138,34.46917471,19.10904097,44.653349,23.28451347,9.284835542,23.20400965,25.3001518,18.48300719,2.288958066,4.553112052
GA, Hancock County ,0,0,6.673785371,0,6.523157208,0,0,0,0,0,0,0,0,6.14137444,0,0
GA, Haralson County ,1.418510139,0.684237896,3.328252202,0.651207012,0.639447517,0.621199038,3.0025702,1.739675029,1.128177936,0,1.111098766,0.546812629,1.622244213,0.533694823,0,0.517445681
GA, Harris County ,3.877772607,7.624275694,7.497375918,3.67282477,7.240867456,3.573087505,3.556061306,7.003291547,10.47303194,3.4753597,0,3.506926179,7.044734061,0,0,3.465483782
GA, Hart County ,8.364001338,12.22145272,7.89671102,7.61730652,3.679175865,3.549875754,3.414251084,3.302946228,0,0,6.219292245,3.089757454,9.199349913,6.128953175,0,3.010959894
GA, Heard County ,0,4.338583019,0,8.546278096,0,0,0,8.034064433,3.978041213,3.982794329,3.966679889,0,0,0,0,0
GA, Henry County ,63.41728574,44.75073839,71.38395646,62.67347121,70.96602502,52.86343612,77.90184368,34.42933379,76.21305784,67.99830004,92.7565562,76.7721573,42.89268251,25.94033722,8.603630732,0
GA, Houston County ,4.927160149,4.580152672,3.552473587,6.625675819,3.750679811,4.716786453,3.882332061,4.768565615,2.568607506,2.003787158,0.974934436,2.415003936,0.960268875,1.90140276,0.468517937,0
GA, Irwin County ,1.797042069,0.881585443,0.85902535,0,0,0,0,0,0,0,2.131499297,0.693702568,0,0.675566124,0,0
GA, Jackson County ,70.67137809,30.14166583,30.69053708,61.36851795,74.4522442,51.12997239,20.30044661,63.20446645,10.20095889,52.43288591,20.84201751,20.57824879,31.11387679,31.91828918,21.89860944,10.83775875
GA, Jasper County ,19.86886549,0,10.17397497,10.24170422,10.33805438,0,0,0,10.19575856,0,0,0,22.09944751,0,0,0
GA, Jeff Davis County ,4.779543554,0,6.675567423,2.163097556,4.141815772,0,1.850583859,1.738495506,1.682935039,0,1.646090535,0,3.308628904,0,1.620745543,0
GA, Jefferson County ,8.698677801,8.599191676,0,16.10695015,0,7.701193685,14.95886313,14.7394797,0,0,7.203054095,7.260055176,0,0,0,0
GA, Jenkins County ,7.85299199,0,0,0,0,0,0,0,0,0,0,0,6.60763843,0,0,0
GA, Johnson County ,0,0,0,0,0,0,0,11.84553423,0,0,0,12.28350326,0,0,0,0
GA, Jones County ,11.67269756,0,0,0,10.40257984,31.5258512,20.75119319,19.78826556,9.874592673,0,20.04008016,10.06947941,10.10713564,0,20.65049045,0
GA, Lamar County ,12.6251999,4.112687641,8.029226384,0,7.536646946,0,7.256104198,0,3.50238162,3.483106931,0,3.461045928,3.474876642,0,0,0
GA, Lanier County ,6.240639041,6.073858115,0,0,0,5.895878781,0,0,0,0,5.473453749,0,5.538631958,0,0,0
GA, Laurens County ,27.46121104,13.78739832,26.94691458,25.81311306,12.78118609,24.78929103,11.75226231,22.19016975,10.46025105,30.58103976,9.901970492,19.07304978,9.541984733,19.20122888,0,0
GA, Lee County ,2.225634862,0,2.191348556,0,0,0,0,0,0,0,2.066073015,2.082162117,0,4.172490768,0,0
GA, Liberty County ,4.030957756,0,7.963368505,3.958828187,11.55401502,0,3.654302942,3.598157743,0,7.060650992,7.03556478,3.494670627,0,3.437725601,0,0
GA, Lincoln County ,0,0,1.59987201,0,1.580927688,0,0,1.569661581,0,2.982359344,0,0,1.528444349,0,1.534848741,1.599257944
GA, Long County ,0,11.94029851,23.88059701,11.96601651,12.07146306,0,0,0,0,0,0,0,0,0,0,0
GA, Lowndes County ,38.57280617,37.91109847,64.25555352,55.30463637,88.06693087,25.69153036,41.14549045,32.30756805,23.54048964,50.77246682,34.0576255,26.23983207,18.55976244,6.009254252,11.64686699,0
GA, Lumpkin County ,2.169056244,2.164455315,2.129857406,2.122984492,2.072324111,2.035146988,4.970574201,0.982781665,1.906250596,1.859029772,1.823336889,0,0.875549407,0,1.756882588,0.879205901
GA, Macon County ,0,0,8.585164835,0,8.208832704,8.05931657,7.722007722,14.6810541,0,0,0,7.028888733,0,21.4423558,7.139287499,0
GA, Madison County ,0,14.09840688,7.02000702,34.97971177,34.95525727,7.021978794,6.961849067,6.943480072,20.69536424,13.47527287,13.64721938,6.899882702,6.991051454,7.146430358,0,0
GA, Marion County ,0,0,0,0,0,0,0,0,3.594536305,0,3.553281455,0,0,0,0,0
GA, McDuffie County ,9.41132182,0,4.33877126,8.277460475,4.013485311,0,0,10.6277455,3.433122768,6.728795882,6.60044223,0,6.513597134,0,0,0
GA, McIntosh County ,0,0,4.730145215,9.45402978,0,0,4.637358561,0,0,4.579593332,0,4.620858556,4.615526632,0,0,0
GA, Meriwether County ,41.73042148,27.31494127,13.51351351,13.29610424,39.28244075,12.79099514,0,12.11387038,11.96601651,0,11.43772161,0,11.44688645,11.57541382,0,0
GA, Miller County ,0,0,0,0,0,4.427325453,0,8.88651915,0,4.455136773,0,0,0,4.71853914,0,0
GA, Mitchell County ,62.98220753,62.77463905,31.56565657,80.56719304,65.199674,32.80839895,16.38269987,16.3291966,0,32.62110586,16.27604167,33.01964669,16.74761347,0,0,0
GA, Monroe County ,8.34550386,4.189008043,4.219765381,4.238365686,0,12.84081668,12.72318589,8.342370902,4.194630872,0,0,4.264756056,17.29654934,0,0,0
GA, Montgomery County ,0,0,0,0,0,0,0,0,0,3.811992528,0,0,3.739575932,0,0,3.689084
GA, Morgan County ,5.804167392,0,5.851032707,17.62735766,11.77301625,23.63507445,0,5.941770648,11.816839,0,11.83011948,0,24.36944072,6.118078923,6.149683291,6.223937263
GA, Murray County ,24.28953121,0,46.88232536,22.71436684,0,22.2296321,10.91107474,43.59673025,43.95604396,0,21.86987425,21.97560708,44.62293619,22.20248668,11.11481605,0
GA, Muscogee County ,29.94256472,21.22973224,39.3009668,23.07810657,7.601672368,32.72663193,19.9138725,24.91404654,27.59035842,30.08423586,20.23216408,20.2875764,20.30869212,7.642727944,10.16389277,2.53318472
GA, Newton County ,2.14502515,2.682763246,1.080269419,2.211924485,5.944114516,4.288555454,1.055609509,5.414067914,2.706169525,3.707705672,1.569678007,0.511770727,0,0.981985476,1.987627022,0
GA, Oconee County ,1.593168493,1.496490729,1.406430199,5.290305515,2.481297222,1.167583219,5.515902346,3.134828995,3.053745928,1.005085734,0,0.994381743,2.966713475,0,1.926967916,0.949451217
GA, Oglethorpe County ,0,7.652573178,3.773442512,0,0,0,3.36473755,3.251503821,6.309745402,0,6.073673662,3.005439846,0,0,0,2.787689563
GA, Paulding County ,23.6443884,31.00294528,45.62043796,67.31991922,36.78905158,94.89743777,57.02066999,69.53135864,68.1988679,47.34848485,26.83303146,40.55972419,20.51983584,13.76178353,20.38874541,0
GA, Peach County ,1.204441982,1.124732876,2.115036855,0.996611521,0.94029149,0.883923205,0.815427896,1.524715641,0,2.131272156,0,1.390636842,0.689536287,0,0.671312147,0
GA, Pickens County ,25.13510117,4.155757802,12.32134056,4.065867046,12.08800064,8.078849572,7.840062721,18.89144973,7.346998751,3.639804906,7.207207207,0,3.635834788,0,0,3.75023439
GA, Pierce County ,8.542627712,8.218952905,3.959141658,0,3.729951511,7.332184624,0,0,0,0,6.788866259,0,10.22948137,3.387763399,0,0
GA, Pike County ,12.73723093,6.324710644,18.75586121,6.143260843,11.9367353,5.821060597,5.713632728,5.576311827,0,5.386770093,5.316603754,0,10.60389163,10.5346326,0,0
GA, Polk County ,7.368653747,14.4571346,20.76843198,26.87991398,12.92490629,6.286145336,12.05545509,23.22880372,0,0,16.75603217,16.86435438,11.23911211,11.24290292,5.634437683,0
GA, Pulaski County ,0,0,0,2.548030373,5.055100597,0,4.953928465,4.903282748,2.415050595,0,0,2.421952578,0,0,2.440989089,0
GA, Putnam County ,0,12.53839885,18.46835755,0,6.022645146,17.72525849,11.55001155,5.666364461,5.568548836,16.74013727,22.34512038,16.75509634,0,16.924292,0,5.552162567
GA, Quitman County ,0,20.23881805,0,0,0,0,0,0,0,0,0,0,0,0,0,0
GA, Rabun County ,77.04160247,76.71653241,39.26187672,121.0653753,81.4000814,0,157.1709234,0,39.26187672,0,79.77662545,0,83.09098463,42.19409283,43.47826087,0
GA, Randolph County ,6.635700066,0,0,0,0,0,0,0,6.112843083,0,0,6.142128862,0,0,0,0
GA, Richmond County ,51.46018268,51.37426149,90.35755776,116.8982985,129.4330831,103.8017387,115.5920884,128.8992008,65.40222368,77.55946225,104.2888802,79.09306617,136.6680333,27.82802282,27.46121104,27.94857462
GA, Rockdale County ,3.006810426,1.002792778,3.020083556,3.55405721,2.031663475,3.063772423,2.545189846,1.017899767,0.503973834,1.511418769,1.493020131,3.491115112,0,1.492025126,0,0
GA, Schley County ,0,0,0,0,1.305875132,0,0,0,0,0,0,0,0,0,0,0
GA, Screven County ,26.37826431,0,25.51020408,25.15090543,24.57002457,0,45.72473708,43.46881113,0,20.18570852,19.94813485,0,40.11231448,0,0,0
GA, Seminole County ,13.03695978,13.28285847,13.13542624,0,6.645843025,6.637902423,0,0,0,6.709158001,6.891798759,6.937218176,0,0,0,7.080648587
GA, Spalding County ,42.87705006,43.2385688,76.00434311,33.21155762,11.0314396,33.6889388,67.65136994,45.45454545,56.64438654,34.24657534,11.46263182,68.38386141,11.22586439,11.27268628,0,0
GA, Stephens County ,5.128468127,3.394029901,0,3.321045465,8.252459233,3.273804652,4.840974004,3.190708656,1.571067226,3.118422078,3.121001217,1.560330166,1.569193591,1.571857464,1.565925462,0
GA, Stewart County ,0,0,0,3.932054105,0,0,0,0,3.845562221,0,0,0,0,0,0,0
GA, Sumter County ,0,37.32736096,36.87315634,36.5497076,36.14022407,0,17.77145904,17.57160429,0,50.26809651,16.39613051,16.45007403,0,0,0,0
GA, Talbot County ,0,0,0,0,0,0,0,3.031497256,3.029201502,6.111722283,3.056514962,3.113615842,0,3.187657391,0,0
GA, Taliaferro County ,0,0,0,0,5.047955578,0,4.909662215,0,0,0,0,0,0,0,0,0
GA, Tattnall County ,0,0,29.63401985,14.93428913,29.5202952,14.48016218,0,14.23284942,28.98970865,14.54968718,0,29.52901225,15.27650474,0,0,15.8202816
GA, Taylor County ,8.95977063,4.495998561,4.48913629,0,0,0,0,4.265483706,4.201504138,7.978299027,0,3.952100541,0,3.922030043,0,0
GA, Telfair County ,0,0,0,22.52505913,33.63982956,0,0,11.27649977,0,0,11.40510949,0,0,11.88636634,11.8652112,0
GA, Terrell County ,0,0,0,0,13.61933946,13.27140013,0,18.83002762,0,0,0,0,6.090875868,0,6.061708189,0
GA, Thomas County ,54.8696845,46.20218074,37.7109456,46.98806503,38.26652636,59.20663114,40.1243856,20.6164313,51.82421227,31.26302626,21.01502574,10.65530101,0,10.84363479,21.91060473,0
GA, Tift County ,4.669733125,4.686694474,2.349900129,2.327963498,2.338524859,11.4794747,6.833557322,2.258917075,2.240795931,6.71306138,4.46847491,6.724346618,6.724195898,2.225585329,0,2.220347262
GA, Toombs County ,0,0,5.233273151,2.616773518,2.589197867,10.31220191,2.531453307,2.517623364,10.04873637,2.515849854,2.485398285,2.426477725,2.439143373,0,0,0
GA, Towns County ,7.651987604,3.840245776,19.20786754,7.689645892,7.643506841,3.768039489,3.72425608,3.678499172,14.62790272,11.07869567,7.338372349,7.364041386,3.685141509,3.678905158,3.687179676,0
GA, Treutlen County ,0,0,0,0,0,10.06036217,0,0,0,9.574875527,0,0,0,0,0,0
GA, Troup County ,14.57301078,87.01957941,87.1966284,14.44251878,57.56223917,59.88920497,88.61320337,14.76450613,29.20987294,57.92064871,14.52643812,58.66823115,29.61646676,15.0579732,14.77323091,14.803849
GA, Turner County ,5.091390459,0,0,1.644980342,0,3.162905445,0,0,0,1.505525278,0,0,0,0,0,0
GA, Twiggs County ,21.10817942,0,0,0,0,0,10.94930472,0,0,22.47191011,11.21201928,0,0,0,0,0
GA, Union County ,9.473285335,38.39508543,47.60544606,19.11863111,68.18624586,60.13229104,20.58672156,41.90675746,63.54585893,21.60527169,0,45.36176004,23.49348056,0,23.94922764,12.05254911
GA, Upson County ,5.747787102,16.8331276,5.449888277,15.77452939,10.32098256,15.10878324,14.6627566,4.764627406,14.0944327,18.74589933,4.690211529,4.680990498,4.656143782,4.635853692,0,4.494180037
GA, Walker County ,21.6247387,32.38808119,28.96032436,21.70138889,3.634513339,25.51020408,18.2822041,7.293148087,25.62131694,7.30994152,7.389344565,3.70892367,7.511454969,3.775294473,7.625147737,3.803438308
GA, Walton County ,8.160867011,3.220145229,9.547906621,9.452093639,10.89867348,15.34683855,7.536590145,13.35212521,10.27854867,11.65976797,2.903178981,10.20259437,4.399407546,5.857544517,1.464364685,0
GA, Ware County ,13.02655789,9.397465817,7.563953225,1.467114626,2.843574942,4.070777247,3.893221901,7.458975634,3.63187332,1.199716867,1.190745526,2.368601814,2.356212153,1.162641988,1.141422212,0
GA, Warren County ,0,98.4736583,0,156.0062402,52.54860746,0,0,0,0,0,0,0,0,0,59.20663114,0
GA, Washington County ,15.93625498,15.73316551,31.89792663,32.10788249,0,0,16.56177542,50.15883631,16.82935039,33.81805884,0,0,17.95977011,18.01477211,0,0
GA, Wayne County ,5.646367974,0,0,11.35653853,2.85787774,0,5.614192679,5.553087517,2.772771385,8.336807003,0,5.525930429,2.788700187,2.796420582,0,0
GA, Webster County ,0,0,0,0,0,0,0,0,0,0,0,0,0,0,0,0
GA, Wheeler County ,0,0,0,0,39.23107101,0,0,36.5630713,36.900369,0,0,35.76537911,35.81661891,0,0,37.95066414
GA, White County ,0,29.86411826,15.18833536,45.62043796,92.30769231,44.7694374,57.52085131,72.27522405,28.49814762,69.93006993,12.89656951,37.19776813,63.20313488,25.26847757,12.56281407,12.6630366
GA, Whitfield County ,19.81571386,23.66975952,35.90503119,8.628872206,33.31251301,20.25111381,15.6402737,7.641462576,15.02290994,11.13213848,18.37627256,36.50967506,18.12185133,21.58583969,3.567733419,0
GA, Wilcox County ,0,0,1.135834441,0,0,1.061999533,0,0,0,0,0,0.970167354,0.969057979,0.970798385,0,0
GA, Wilkes County ,0,0,0,0,0,0,0,22.49971875,0,10.92179991,0,0,11.13957892,0,0,0
GA, Wilkinson County ,0,0,0,0,0,0,9.446438693,9.50209046,9.407337723,0,19.07850806,0,9.94233446,10.06542526,0,0
GA, Worth County ,0,0,29.62670354,19.92031873,10.03210273,0,20.42275094,0,20.63770509,41.44218815,0,0,10.47339757,10.6202209,10.70320026,0
Hawaii,(blank),#DIV/0!,#DIV/0!,#DIV/0!,#DIV/0!,#DIV/0!,#DIV/0!,#DIV/0!,#DIV/0!,#DIV/0!,#DIV/0!,#DIV/0!,#DIV/0!,#DIV/0!,#DIV/0!,#DIV/0!,#DIV/0!
HI, Hawaii County ,0.741644754,1.141973395,1.694077103,1.11896697,1.099272988,1.082980269,1.068921786,0.836072738,0.975819933,0.519782553,0.439900436,0.580608826,0.071848371,0.284397727,0.211812202,0.280670831
HI, Honolulu County ,35.5123154,24.3918518,33.6404099,32.18843488,23.94812468,23.18158312,25.93121888,19.12981832,16.52837923,19.60474653,16.18655545,16.58348178,15.36301751,6.801048408,6.705005545,0.509798324
HI, Kalawao County ,0,0,0,0,0,0,0,0,0,0,0,0,0,0,0,0
HI, Kauai County ,4137.931034,1449.275362,2255.639098,1574.80315,4273.504274,1754.385965,2752.293578,0,3030.30303,2150.537634,1111.111111,2222.222222,3370.786517,2247.191011,0,0
HI, Maui County ,22.19642125,13.54210749,10.00316767,16.44601595,16.10435623,23.86141291,22.05940282,21.70879206,22.86480801,15.03352476,10.41527176,7.374304972,8.751713877,5.744815304,2.835270768,5.59612748
IA, Adair County ,0,0.034106447,0.034080445,0,0,0,0,0.033342091,0.033148431,0,0.032778954,0,0.032506477,0,0,0
IA, Adams County ,12.1610118,12.29709788,0,12.42236025,0,0,0,12.70486596,25.81644508,0,0,0,0,13.44086022,0,0
IA, Allamakee County ,89.36550492,45.43389368,0,22.90950745,0,0,47.34848485,0,0,0,24.83854943,25.02502503,25.60819462,0,0,0
IA, Appanoose County ,0,6.97690644,20.99517111,0,6.981290142,13.91691601,0,0,0,0,0,0,21.2254139,0,7.110352673,0
IA, Audubon County ,7.301401869,7.364854912,0,0,0,7.433286256,15.01614235,15.26135063,7.722007722,7.754342432,7.776654483,7.774236181,0,0,0,0
IA, Benton County ,44.09171076,15.0060024,76.08034084,15.43448063,15.55209953,47.43833017,0,16.07200257,32.25806452,16.29726206,32.72251309,16.61405549,0,0,0,0
IA, Black Hawk County ,27.63957988,27.41657528,23.22970305,42.39574501,26.73694664,34.26613364,49.73791942,30.69132203,26.82300648,22.97354214,34.54231434,53.59672294,23.20634307,7.774840616,7.794839816,7.793321124
IA, Boone County ,3.124536202,1.565373929,1.576342255,0.79057008,2.368134384,0.787271396,4.706399134,1.565484204,0.773975836,1.5314522,0.762334573,0.760687662,0.758949917,0,0,0
IA, Bremer County ,15.23751476,15.23867576,15.33389558,11.43641354,3.791900501,3.773584906,0,0,3.78014667,15.17450683,7.610929294,3.796939667,15.25087693,0,3.792619562,0
IA, Buchanan County ,21.44818119,8.508465924,0,0,0,4.195862879,8.314625426,4.125923175,8.277460475,16.54054501,4.117598616,12.31122784,0,0,4.053013415,0
IA, Buena Vista County ,14.24230915,0,0,4.802612621,9.56480153,9.60107532,14.31502601,0,4.727238347,4.758279406,19.08579063,9.568920147,0,0,4.734848485,0
IA, Butler County ,9.82270026,0,14.82726239,19.85998709,5,0,5.022853986,20.20406102,10.07302946,4.9990002,14.76087384,4.93973523,0,4.865706501,0,4.928779141
IA, Calhoun County ,6.536374926,0,13.39943722,6.69388848,6.673340007,0,6.697475052,0,0,0,6.708707903,6.684491979,0,13.31823933,0,13.4264232
IA, Carroll County ,0,36.63674666,0,9.534706331,9.632055481,0,19.81571386,10.0532824,20.31488065,20.65262288,0,19.85702939,20.15316405,10.07861318,10.14095933,0
IA, Cass County ,14.03049294,4.711425206,4.726121272,0,14.32938479,4.768035093,0,0,0,4.820903437,14.40368734,0,0,4.858614323,0,0
IA, Cedar County ,6.814310051,20.70679183,7.021485746,7.00525394,21.21340687,21.42551064,7.132158905,21.44695453,0,7.168972686,7.176175099,21.76594355,0,7.362685908,0,0
IA, Cerro Gordo County ,5.494807407,33.10162198,27.54820937,16.4618086,21.92021043,16.47175095,16.36482653,16.37465204,5.417118093,10.83541012,10.81665765,16.28841351,5.434191936,0,5.438329345,0
IA, Cherokee County ,6.467050378,0,4.402377284,6.606183388,6.667703865,0,0,6.747486561,2.258100937,0,2.266751292,2.273864205,0,0,0,0
IA, Chickasaw County ,7.681081496,7.748934522,7.883326764,7.949757532,15.98721023,32.31017771,16.3733115,16.45819618,24.97086732,8.366100561,24.76882431,0,0,8.407600471,0,0
IA, Clarke County ,15.18833536,0,0,7.830853563,0,7.96114959,0,0,8.018603159,0,24.14292612,16.09917089,0,0,0,8.274720728
IA, Clay County ,32.62997607,10.86130118,32.56268317,21.54708037,10.74460084,10.89324619,0,10.9301563,21.69903439,0,0,10.73652566,0,0,0,0
IA, Clayton County ,17.28110599,5.795085767,11.70548987,5.887547836,17.68867925,0,11.89626457,5.979073244,5.989099838,0,6.011783095,6.020469597,0,6.067961165,0,0
IA, Clinton County ,10.74633281,37.7786173,16.33186347,5.44751321,10.89443294,38.31627347,21.89141856,10.95350238,27.45894887,21.99615067,22.12144674,16.67407737,5.578489345,5.627145349,16.93671315,5.658028743
IA, Crawford County ,1.995211492,0,10.06866832,2.016738933,2.020283648,0,0,6.080012971,0,4.06942438,2.036162241,2.036659878,4.105427375,0,0,0
IA, Dallas County ,5.901794145,29.48113208,5.888934692,23.59464402,17.7085178,5.910165485,0,11.81265135,5.923819679,23.60717658,11.6522955,17.39130435,5.772005772,0,0,5.883045064
IA, Davis County ,2.412778073,0,0,2.122331169,1.984638895,0,1.780690196,0,1.609165808,0,1.499272853,2.867013575,0,1.333155579,0,0
IA, Decatur County ,35.11235955,11.64415463,0,11.71783454,11.6117046,11.6509379,23.20454809,0,0,11.49293185,0,11.41552511,34.49465333,0,0,0
IA, Delaware County ,11.56737999,23.07071173,11.62385214,11.66180758,11.65501166,23.20724066,0,11.66997316,11.82452406,11.75640724,23.75014844,0,0,24.27184466,12.14919208,0
IA, Des Moines County ,27.15030408,10.93254619,27.36577089,21.99010445,5.535259604,5.569479254,16.70657682,5.56142595,16.8161435,16.89664883,11.25555743,11.33016089,11.37785869,11.42922453,17.22850744,5.745145352
IA, Dickinson County ,2.366695856,2.391200383,0,4.872463274,4.930723337,2.479420807,0,4.974381933,7.456194855,4.953069665,7.452120128,2.494076568,4.967093009,2.472982664,4.982188675,0
IA, Dubuque County ,24.30133657,30.34532985,24.46333558,36.72195361,18.17520901,6.008171113,41.99916002,36.07069857,47.93289395,48.00192008,41.99412082,23.68405471,17.66160367,35.41076487,17.71270001,0
IA, Emmet County ,0,2.248909279,1.121931517,0,0,0,0,1.085422772,2.161718134,0,1.06466793,0,0,1.042057438,0,0
IA, Fayette County ,18.1900864,36.73094582,18.49283403,18.64975755,28.42793518,18.99876508,19.16259462,9.59969281,28.7136294,0,9.725734293,19.83930166,20.07226014,0,0,0
IA, Floyd County ,9.081827264,4.589050525,18.48172619,0,9.339248191,0,4.702562897,14.28231373,9.56480153,9.551554515,4.794093677,4.766671433,0,0,4.915212583,0
IA, Franklin County ,0,12.00480192,0,6.009254252,6.029181237,0,6.029181237,18.18512457,6.12332374,0,6.134969325,12.42390359,6.208480785,0,6.239860227,0
IA, Fremont County ,9.364172675,0,0,9.385265134,9.331840239,27.86550251,9.346667913,0,0,0,0,18.70382493,9.502993443,0,0,9.701202949
IA, Greene County ,12.50781739,38.1000762,0,0,52.25342913,26.2605042,52.47966413,0,13.35291761,13.41741581,0,27.13336047,0,14.15428167,0,0
IA, Grundy County ,19.34048931,9.852216749,39.58436418,0,30.2053967,20.40816327,0,41.89359028,21.24269782,10.71926251,32.0855615,0,0,10.93493712,0,0
IA, Guthrie County ,8.08538163,8.117542008,8.08276754,16.19695497,0,16.12123166,24.12351238,0,0,0,0,0,0,0,8.080155139,0
IA, Hamilton County ,8.823010411,8.908685969,0,26.44802962,0,8.889679083,0,8.996041742,18.1192245,9.141603437,18.26984562,36.79175865,9.279020135,9.364172675,0,0
IA, Hancock County ,6.089021494,0,18.36322458,12.22045705,6.140620203,12.29936658,18.5827552,0,12.60795562,12.70728763,0,0,13.04886801,0,0,0
IA, Hardin County ,0,8.365400703,8.441668074,25.19949601,25.3421186,16.90045631,17.05175207,17.27115717,0,17.58860259,0,0,8.956560681,9.04077389,18.20498817,0
IA, Harrison County ,5.317169139,16.06941989,10.82485386,0,5.505395287,0,5.588777734,5.621451459,11.3058225,0,11.40445914,5.746465923,5.76269233,11.48567162,0,0
IA, Henry County ,19.12655403,12.82709082,6.48466377,12.95001295,19.46535167,0,6.516356054,13.17783488,13.38150676,13.35826877,6.69926978,6.758126647,0,0,0,0
IA, Howard County ,4.916179146,14.7001176,0,4.944375773,9.888751545,4.913039206,0,4.911832605,9.848820604,4.95000495,0,0,0,0,5.02638854,5.027146592
IA, Humboldt County ,0,10.09285426,10.14198783,10.19575856,10.2124183,0,20.69536424,10.3777501,10.38961039,0,0,20.96875655,10.4427736,0,0,0
IA, Ida County ,19.27339308,9.675858732,9.827044025,0,9.880446596,9.967108542,0,10.06542526,10.08979921,0,0,10.2145046,0,10.34447088,0,0
IA, Iowa County ,12.81394157,38.94080997,26.19172342,0,0,27.14072466,13.7988133,13.83508578,0,14.10437236,0,0,14.1023833,14.02524544,14.29796969,0
IA, Jackson County ,19.07304978,0,0,0,24.83238143,12.27219734,12.20181807,0,0,30.47665488,6.120700208,0,6.165988408,6.118453255,0,6.104633417
IA, Jasper County ,14.78050943,14.80238812,24.82375137,4.963271789,24.8188226,24.84595508,0,4.99625281,25.10166173,15.12020563,0,10.13993105,0,0,10.26904909,0
IA, Jefferson County ,2.684419628,0,0,2.652308835,5.312790543,2.667947281,2.681827934,2.690558829,2.695199849,2.71157027,5.431978055,2.729928203,2.734780944,0,0,0
IA, Johnson County ,30.88516894,24.68069353,37.19546215,24.70050636,24.5428887,12.25865768,24.38875678,24.09638554,48.1724574,23.83506138,17.83060921,17.60666706,34.88169292,22.86628937,22.63595722,0
IA, Jones County ,3.588892378,2.642100999,2.60987577,1.714192658,0,0.831255195,0,0.802948427,0.786701596,0.770036346,0,0,0.730646988,0,0,0
IA, Keokuk County ,4.936077793,4.937296337,0,4.900519455,4.851307427,9.706381946,14.50817294,0,0,0,0,0,9.711094926,9.75895384,4.8828125,0
IA, Kossuth County ,17.51620249,17.59169672,26.47837599,0,27.12232167,27.57099531,18.66890694,9.356287425,18.83239171,9.476876422,19.05306278,0,19.23631817,0,0,0
IA, Lee County ,0,17.73888363,17.99640072,24.20574887,18.25150575,49.11892921,0,12.59604484,31.87759005,12.79590531,6.441223833,0,13.00982242,6.54364612,0,0
IA, Linn County ,31.6363924,61.43982904,40.58441558,32.76271603,43.73138,24.7497525,27.55504119,27.67783006,30.7099584,27.88933512,22.32267426,16.86056314,19.65739961,25.45320852,11.36169971,8.554076017
IA, Louisa County ,0.519845086,0.514511805,0,0.507820435,1.512752504,0.998028893,0.986636015,0,0.479482926,0,0.472406723,0,0,0,0.459567271,0
IA, Lucas County ,0,24.62245568,16.3599182,32.70645953,0,8.430281571,8.400537634,33.63605785,0,0,17.60253477,0,8.818342152,8.833141949,0,0
IA, Lyon County ,21.34699541,10.65416578,10.68376068,21.31287298,10.51745898,52.84295075,21.43392991,0,0,11.17568172,11.24732876,0,11.42334933,0,11.51410478,0
IA, Madison County ,17.02417433,17.11742554,8.568980291,0,8.552856654,0,17.23543606,8.66851595,8.661758337,8.652764558,0,0,8.494733265,8.556515787,0,0
IA, Mahaska County ,7.117944338,21.21040724,6.987143656,6.905600442,6.78748388,13.40662287,6.552221203,6.485925542,12.88908939,25.78981302,0,0,0,6.463706289,6.409434688,0
IA, Marion County ,22.42253016,8.925782122,4.465481825,9.026900162,26.97841727,17.81419792,8.969414297,0,17.79122003,13.41441603,4.464086425,4.442470013,0,0,4.479082684,4.486115473
IA, Marshall County ,9.344629953,15.34542553,3.070121577,6.144959597,9.197375682,12.20479649,11.97748233,9.014693951,8.951215873,8.963786303,15.04573905,12.00516222,6.003301816,6.046497566,3.006524157,3.017410458
IA, Mills County ,0,0,2.544723516,0,0,2.522322555,5.050377516,0,2.490597993,7.447864945,0,4.879238839,2.435875575,0,4.902922142,0
IA, Mitchell County ,20.61288993,6.897978892,6.874742197,0,6.795786612,0,6.572893388,26.2484415,13.14578678,0,13.28197636,13.32090049,6.732646603,0,0,0
IA, Monona County ,9.201324991,18.62891207,18.4808723,0,18.35199119,0,9.228497601,9.248982612,18.49283403,9.291089845,9.254118083,0,9.3057882,9.330098899,0,9.270418096
IA, Monroe County ,0,0,20.42692268,10.18433649,10.32951141,0,0,10.61233153,0,10.81431816,0,0,0,0,0,0
IA, Montgomery County ,0,25.0438267,0,0,12.54862593,12.57071025,0,25.39037705,12.65182186,12.61988894,0,0,12.39771882,0,0,0
IA, Muscatine County ,25.43881964,60.82196542,17.67877663,35.6792436,26.80725583,26.75227394,44.72671974,0,18.47916474,9.256687957,37.37269924,28.1557954,18.92684773,0,0,0
IA, OBrien County ,4.785719413,2.394636015,2.394808056,2.400729822,2.394750706,2.386976655,2.372760707,2.362669817,2.35211102,4.674753991,7.02000702,2.338251456,0,0,0,0
IA, Osceola County ,0,0,13.50621286,0,0,13.74381528,6.869075422,0,0,0,0,0,0,0,0,0
IA, Page County ,42.94917681,0,72.47427163,43.55400697,43.7126621,29.66038855,59.58587815,30.3030303,0,61.45337225,15.49666822,63.4115409,16.18122977,16.11343861,0,0
IA, Palo Alto County ,0,5.944596362,0,6.113964294,12.32513712,0,0,12.30314961,0,12.59049418,6.273525721,0,6.349206349,0,6.433350489,0
IA, Plymouth County ,29.60039467,9.94925878,20.21018593,30.7755437,0,0,20.86375965,20.8833664,10.54185115,31.54574132,31.93527784,21.36752137,0,21.7817469,21.91540653,0
IA, Pocahontas County ,0,0,8.087670347,0,3.993291271,0,0,0,0,0,4.005126562,0,0,0,4.013968611,0
IA, Polk County ,267.3796791,295.3337271,263.31538,269.2778458,199.9250281,216.9751117,311.9313751,247.8153124,252.9960053,243.4077079,316.0643122,138.5425326,237.3970116,153.9538139,112.312228,42.91231583
IA, Pottawattamie County ,2.129772354,1.578498742,1.561056835,1.030192363,0.764986077,1.754254066,1.724180399,1.694816766,1.430291183,1.174433982,0.925321896,1.142055746,0.675948186,1.107515378,0,0
IA, Poweshiek County ,2.272159233,1.136970882,0,3.377579626,3.34217152,0,1.100509536,1.096022534,1.089550125,2.164619298,0,2.140181915,1.076576916,2.154847329,2.146521562,0
IA, Ringgold County ,0,0,5.279552294,0,0,0,5.248517294,0,10.51248357,5.274818019,0,5.300259713,0,0,5.357047196,0
IA, Sac County ,18.29826167,18.46722068,0,56.26406602,0,18.85369532,19.12045889,0,38.72966692,39.07013088,0,19.6155355,0,39.71405878,0,0
IA, Scott County ,60.97029875,131.5443304,71.94891627,91.18263883,64.39150032,83.98656215,93.39684319,142.4230915,152.7446301,58.01585767,115.9196291,78.16316561,19.65215682,59.70149254,39.76143141,19.98201619
IA, Shelby County ,0,1.26419853,1.265134167,0,1.264662177,0.63074371,1.879734581,0,0,0.611314203,0.60332917,0.598637501,0.592276712,0.586334879,0.582934024,0
IA, Sioux County ,7.674008134,30.79291763,46.62366928,23.40276153,31.37254902,15.94006535,24.03846154,16.00512164,24.31512401,16.4406083,32.88121661,16.62372205,16.55355074,8.358408559,0,0
IA, Story County ,12.65462368,12.51877817,18.65439622,18.56550529,6.144959597,18.33404632,12.09299513,0,11.98897015,17.86405454,8.893368512,0,11.64856286,5.798109816,2.888336896,2.877532228
IA, Tama County ,0,3.737851981,2.442449777,0,0,1.206505478,1.180094172,1.155535013,1.13855017,4.48003584,0,2.201091742,0,1.068730028,0,0
IA, Taylor County ,5.529750055,0,11.10062719,5.546311703,11.00897231,5.495411332,5.509945452,0,5.559879907,0,33.85049365,0,0,0,0,0
IA, Union County ,14.33486239,29.01073397,29.35564362,0,0,0,0,0,0,31.47128245,15.83531275,47.74789113,16.03334937,0,0,0
IA, Van Buren County ,8.142659393,16.33986928,0,8.330556481,0,0,0,8.117542008,0,7.982757244,0,0,7.937137868,7.932730446,0,0
IA, Wapello County ,51.32811497,51.84033178,25.9000259,13.03441084,13.04631442,65.46216287,13.05483029,13.00390117,25.97739966,13.10959622,26.45852626,13.30849082,13.41201717,53.77789728,13.49527665,0
IA, Warren County ,13.8861888,11.12749325,8.380824673,0,5.600828923,11.15604518,8.385509839,5.640476056,11.30550295,8.455229559,0,2.822148219,0,0,2.837362388,0
IA, Washington County ,7.355284772,2.434274586,2.414176042,9.481593856,2.348299831,2.307390572,0,4.457519836,2.200220022,0,0,0,2.128067077,4.214785467,0,0
IA, Wayne County ,4.826720726,4.747436384,0,0,0,0,0,4.632203076,0,4.609994468,4.609144543,0,0,4.541944861,4.525501199,0
IA, Webster County ,29.72651605,45.07888805,30.00750188,30.23888721,60.96631611,61.59531876,46.31058969,47.05144291,62.76478895,15.64210856,31.25,31.41196796,0,15.57147306,0,0
IA, Winnebago County ,0,0,0,0,2.569241046,2.593226492,0,0,5.225615969,0,0,2.650621571,2.684419628,0,0,0
IA, Winneshiek County ,16.98081168,0,17.53924406,8.762705924,0,26.45502646,0,18.20498817,27.45492816,18.3200513,9.225092251,9.322270905,18.80759827,0,9.440196356,0
IA, Woodbury County ,23.51281448,42.33700254,28.32459992,33.32381224,47.52851711,28.49002849,52.3510375,14.23284942,23.83222116,23.78121284,28.48326608,9.503444999,14.25719989,14.38021283,0,9.63669654
IA, Worth County ,0.963521091,1.939318717,0.974032299,0,0,0,0,1.990208176,0.990982063,1.968872132,0,0,0.977230529,0,0,0
IA, Wright County ,25.335698,12.82544568,12.82873637,0,25.86987453,12.91655903,52.29441757,0,26.20545073,0,79.12435711,13.18739285,26.57807309,0,13.14924392,0
KY, Adair County ,0,0.049162613,0.024450625,0.024288528,0.024119046,0.023907762,0.047401913,0.070477594,0.046621372,0,0,0.045773357,0,0.022724809,0.022660029,0
KY, Allen County ,5.771339528,5.686988171,11.25999324,0,11.11481605,5.516328332,5.454049632,16.2223544,5.393452349,0,5.33560986,0,5.282341134,0,0,0
KY, Anderson County ,22.44668911,11.14392378,16.46632636,10.8495172,0,10.5764146,5.188875052,20.47082907,10.08166146,10.09540154,9.98352718,9.915224828,9.88533017,9.862905612,0,0
KY, Ballard County ,5.221659443,10.31885254,0,0,5.072537283,15.00975634,4.873531849,0,0,4.688672168,4.662439388,4.640801931,4.616805171,0,0,0
KY, Barren County ,24.08477842,36.47416413,61.244488,36.34601405,72.7978646,24.18672149,36.56752804,48.84004884,96.79370841,24.37835202,12.11093618,48.25672578,12.03224642,24.16334421,12.16989169,0
KY, Bath County ,0,0,5.167424556,5.106730671,5.050377516,4.96031746,2.447561005,2.413418607,4.785032419,2.371297811,2.373830888,0,0,2.325797749,2.318786811,0
KY, Bell County ,17.97268152,35.46099291,52.61773218,17.50087504,26.20774002,0,17.30403184,17.43679163,0,0,17.22801275,0,25.41942044,24.99166944,8.214901832,0
KY, Boone County ,23.3216725,16.91417746,16.8401199,10.17708121,6.83176772,13.73154823,20.71823204,24.31062027,38.14676099,24.41832072,20.89864159,10.47668937,21.24119376,14.30052554,18.01801802,0
KY, Bourbon County ,3.444000551,1.107701851,4.286188828,4.137360364,1.983694035,2.844788348,1.829909877,0,0.867588624,0.851346404,0.837787571,1.646781777,0.814020692,0.80646462,0,0
KY, Boyd County ,15.49106682,15.42971764,41.12687641,25.55845218,30.40591902,15.06931887,30.28926246,25.13699663,14.96557917,9.9865182,25.07271086,15.01351216,5.003752815,20.05414619,0,0
KY, Boyle County ,4.03006428,6.048996875,8.068094719,4.019777304,6.055468088,2.024168573,4.055807917,6.103267282,0,4.051699688,2.015235178,4.047845534,0,2.044697078,0,0
KY, Bracken County ,0,0,0,3.642854541,0,0,0,3.557199772,0,0,6.985435367,6.955070246,0,0,0,0
KY, Breathitt County ,0,35.99712023,0,11.9232145,0,23.43841556,0,0,23.6099634,11.80219521,0,11.76332196,35.42749173,23.70791844,11.92037192,0
KY, Breckinridge County ,12.5007813,19.15219612,6.516356054,26.49357531,40.06677796,27.04164413,6.873324627,6.979828296,35.09018177,0,14.43418014,0,14.64450465,0,0,0
KY, Bullitt County ,26.76372979,15.92610288,21.01944298,36.4412515,31.04625893,25.53756576,5.104645227,10.0913265,14.98651214,25.02627759,29.94161385,4.932425767,4.976362279,14.96035506,5.025883299,15.00525184
KY, Butler County ,1.623640201,3.195092338,4.704037632,3.073424102,2.98788413,1.457301078,2.855429599,2.794193666,0,0,2.68445566,0,1.316707704,1.301016094,1.28168978,0
KY, Caldwell County ,7.697636825,0,7.720815318,7.717835919,15.33272002,31.00775194,7.736943907,15.67520966,15.6924284,0,0,23.50176263,7.816163827,0,7.786342755,0
KY, Calloway County ,23.03086135,31.14537102,31.25488358,39.05639744,31.31360576,15.60549313,23.38634238,31.05107902,15.40238737,23.08402585,30.79528832,15.39882969,23.18750966,7.802746567,31.29890454,7.880220646
KY, Campbell County ,14.63700234,26.13316298,34.78361692,22.92526364,28.30696068,22.35386163,16.49484536,19.13352467,13.62917734,16.26633411,16.05866767,15.92568016,10.51054996,13.05721672,2.61219372,2.601389142
KY, Carlisle County ,0,1.125581081,0,0,0,1.135757039,1.13589895,1.132477181,1.129330984,0,1.103630946,0,0,0,1.09301563,0
KY, Carroll County ,0,18.85014138,18.87148519,38.05899144,38.01558639,19.17545542,19.18649271,39.14660403,0,39.11597888,19.60784314,19.81767737,39.66679889,40.16064257,0,0
KY, Carter County ,39.28887143,39.24261748,9.697439876,38.5653683,38.53935832,38.05537056,18.99696049,9.438414346,18.61504095,0,9.255831174,18.21659532,0,9.213193293,18.59081614,0
KY, Casey County ,0,7.409877367,11.00432837,3.635834788,3.632664923,0,10.74460084,7.150262772,3.603343903,0,0,7.292084442,3.639937393,3.649901453,3.660590087,0
KY, Christian County ,19.39738782,25.70198548,25.51183111,12.74697259,12.6710593,18.93341748,25.1572327,18.85843601,25.04696306,12.54233036,37.60812335,12.53289886,24.874075,12.42853592,18.94298163,6.323110971
KY, Clark County ,6.874742197,2.724907013,4.104079455,2.795365284,5.578800558,4.115677989,0,8.204791598,4.164700003,1.361340648,1.348526735,5.436777079,1.322086782,1.346873906,2.70409129,0
KY, Clay County ,6.017933442,0,2.99338462,2.969826562,2.93901543,0,5.743330557,0,5.672793283,5.616873087,0,5.639203744,5.594092638,0,2.802612034,0
KY, Clinton County ,0,12.39515763,4.167534903,4.231013328,0,13.07417415,8.803591865,8.955758553,8.973036027,0,9.222965183,0,0,4.703890117,9.450902561,0
KY, Crittenden County ,10.37667324,0,0,10.17811705,20.23062917,0,10.05833836,9.881422925,9.753242953,9.778038525,9.739943508,0,0,0,0,0
KY, Cumberland County ,21.2585034,10.74113856,21.69903439,10.82954299,0,0,21.58894646,0,31.8877551,0,0,10.77005924,0,0,0,0
KY, Daviess County ,153.4812334,125.751013,125.6281407,97.88840722,166.9216859,127.3705067,84.82963382,100.5891651,43.37140379,102.1152443,58.317539,72.79079924,72.8756741,14.69939732,74.17297137,0
KY, Edmonson County ,0,1.090429302,2.178150968,2.163167743,2.155892593,2.147074611,0,0,0,1.038842314,0,1.028415109,0,0,0,0
KY, Elliott County ,34.36721368,0,0,0,0,0,0,0,8.246062505,0,8.200754469,0,0,0,0,0
KY, Estill County ,14.77759716,14.93875112,44.7761194,14.74491301,14.81920569,29.12479977,41.95217452,42.05214466,13.23451562,0,0,0,12.88493751,0,0,0
KY, Fayette County ,169.8569282,156.9345452,72.40176397,173.1717064,134.1111782,135.3179973,148.7893954,67.66815537,94.90238612,95.41984733,47.63525009,102.4940212,48.3158476,62.257886,48.54368932,6.963303391
KY, Fleming County ,0.382543763,0.378802227,0.376191587,0.370502104,0.734276389,0.725847427,1.071539552,0,0.347604829,0.683727958,0.337021472,0,0.327652924,0.972444174,0,0
KY, Floyd County ,50.58900051,21.40410959,35.54165482,14.05481377,21.0216523,14.01541696,21.0748156,13.93825354,13.94214012,14.00560224,0,6.898930666,13.74853922,6.872379905,0,0
KY, Franklin County ,7.089516968,7.169486665,11.99875213,14.51905626,9.725734293,4.896320415,9.893888051,14.90275949,12.51126013,10.09005373,7.512583577,17.58219677,7.646818923,5.186991027,13.10993996,5.307996497
KY, Fulton County ,2.088205814,0,0,2.072710691,0,2.056766763,0,0,0,2.030333178,0,0,2.019630811,0,0,0
KY, Gallatin County ,0,12.89823294,13.2222663,0,0,0,0,0,0,0,14.67566774,0,0,0,0,0
KY, Garrard County ,38.13882532,0,12.67266506,12.35483074,0,12.15805471,12.11680601,0,23.75296912,0,11.61305307,11.65501166,0,0,0,0
KY, Grant County ,6.736728645,6.626905235,12.89906482,0,12.54626435,12.25865768,24.10364568,11.84342986,11.83011948,0,5.901445854,0,0,0,11.83011948,5.822416303
KY, Graves County ,17.78963754,17.41250218,25.74333891,12.70163851,8.383635144,25.00729379,12.36960376,8.14863103,28.16221435,0,16.20745543,12.14083367,8.166932092,4.074813577,4.027224034,0
KY, Grayson County ,0,2.712305731,5.439216753,5.420347986,10.87281524,16.24871364,10.85216636,0,0,10.83071591,16.11906617,0,0,2.677232812,0,2.684491691
KY, Green County ,8.300821781,0,0,4.05712431,12.01826777,3.971248163,7.907013521,7.860399308,7.825338446,0,0,11.63286673,0,3.842606824,0,0
KY, Greenup County ,26.02811036,43.23015736,43.31629559,34.61105823,8.765778401,26.30194634,26.19172342,52.57623554,17.49475157,0,17.79676099,8.911861688,44.18132014,8.950147677,27.16653083,0
KY, Hancock County ,5.42947117,0,0,2.726207028,0,2.737476047,0,0,0,0,2.710247446,0,0,0,0,0
KY, Hardin County ,83.09591643,59.30494603,11.8708452,47.47211014,59.60185958,105.7827927,70.24116132,58.57544517,58.3634878,70.10983875,46.7781546,23.23150192,11.53934918,34.59409594,22.93052052,0
KY, Harlan County ,3.228618474,4.26826015,3.186878559,3.193901777,2.1049308,3.103919215,0,3.038651649,1.000740548,2.962845912,2.803214352,1.86049973,2.799212488,0.923514527,1.841451063,0
KY, Harrison County ,15.18141794,3.10713398,9.393199324,0,6.532958777,0,3.320824893,10.01034402,6.758811801,0,6.843455945,0,0,7.002310763,0,0
KY, Hart County ,5.556481636,11.1067918,5.552779166,0,5.484560961,10.92060719,10.82075421,16.02136182,10.59546514,15.87805653,0,0,0,5.391416864,10.73249262,0
KY, Henderson County ,34.21727973,5.783355503,28.45274,16.90998253,11.22271477,11.0864745,11.04423215,49.52674444,10.91703057,27.47705666,0,5.459111257,5.432125591,10.82602577,5.39083558,0
KY, Henry County ,0,2.228908949,2.217737464,0,4.408976677,0,0,2.18837535,4.343482604,4.344331733,4.324137335,2.156706278,6.45925288,0,2.155776403,0
KY, Hickman County ,0,0,0,6.553509404,6.524434005,0,0,0,6.447037586,0,0,0,0,0,0,6.433350489
KY, Hopkins County ,114.5038168,95.52923194,95.6937799,38.5653683,58.90437856,98.7947046,119.9520192,80.72653885,60.52047609,80.88978766,61.62695152,41.55412425,21.04820038,0,0,0
KY, Jackson County ,6.456750533,4.333882292,4.312761461,2.14279592,2.138625719,2.144082333,2.140090312,4.270401845,0,2.131241875,4.267850284,2.133151304,6.423020104,2.147766323,0,0
KY, Jefferson County ,436.8105427,514.2899126,368.758758,384.8431024,326.5063817,294.2041777,368.2698682,374.8346318,278.3882784,304.5383644,222.2716159,283.3917518,217.7994743,171.43709,172.4137931,37.46440881
KY, Jessamine County ,0.432028272,0.573757206,0.285791858,0.426154524,0.990339941,0.563365999,0.559324001,0.691524674,0.273899813,0.678697715,0.134720596,0.134005146,0.665475908,0.527902971,0.262914699,0
KY, Johnson County ,5.0999592,2.511363922,2.453385672,4.814057047,9.445546425,0,6.663113006,0,2.108414683,2.076713808,4.105764493,6.126324818,0,1.991159253,1.960476788,0
KY, Kenton County ,81.49260133,17.21911322,25.91121092,47.54084191,47.35459985,34.28767358,59.87511761,25.69153036,30.0997592,43.06632214,8.548104458,34.11804845,34.12823685,25.54713446,4.294979169,8.616232983
KY, Knott County ,1.978135014,0.658007291,0,1.310693291,0,0,0.642851174,2.543881964,1.263759178,0,1.875011719,0,0,0,0,0
KY, Knox County ,17.05223669,0,11.45672223,11.56470452,11.70069619,52.66545731,17.81790105,6.009615385,18.05488686,12.08970562,24.49479486,0,12.40387001,12.42467541,12.53525541,0
KY, Larue County ,0,9.544716999,3.195092338,3.187149414,3.187657391,9.50269243,3.164657109,6.315523557,0,0,9.416195857,0,3.150499354,3.138042489,3.151095006,3.157761778
KY, Laurel County ,29.85520227,14.88538255,44.32624113,37.16090673,22.03452075,14.50010875,14.35338022,28.55511136,49.64539007,7.05616709,35.23111612,35.20383018,28.38288512,28.40707336,21.16999506,0
KY, Lawrence County ,1.889644747,1.865532423,0,3.611999061,3.583522961,0,0,0,0,3.418043854,0,3.368818219,3.355535795,0,0,0
KY, Lee County ,0,0,19.2,6.427561383,6.384065373,0,6.342762908,6.323110971,6.302388605,0,6.296436217,6.286145336,6.310740881,0,0,0
KY, Leslie County ,12.61193089,0,0,12.47660636,12.57861635,0,25.47770701,12.73074475,12.72426517,12.68230818,12.97521733,0,13.24327904,0,0,0
KY, Letcher County ,16.16684181,16.41631782,16.45278052,16.65278934,8.460236887,16.95346274,17.17917884,17.26370306,8.722197994,0,17.72107035,17.72892474,17.90510295,9.061254078,9.181050312,0
KY, Lewis County ,3.966207909,12.06660767,8.027614996,8.024072217,0,4.067520846,0,4.081799257,4.104584821,4.104416352,4.073319756,0,8.319813636,4.239443785,0,4.330691611
KY, Lincoln County ,7.086669974,28.59185132,7.284382284,7.293946025,14.46445361,7.214486689,28.55103498,7.107825716,28.57755233,14.3729788,21.68883748,14.48645516,0,0,7.26744186,0
KY, Livingston County ,0,0,16.77500524,0,0,0,4.026089057,4.020100503,0,0,0,0,0,0,4.08763898,0
KY, Logan County ,30.57792274,0,20.52966537,0,0,20.7253886,0,31.55237695,52.86529922,10.55297594,20.97315436,10.52520787,21.16850127,10.68147832,0,0
KY, Lyon County ,0,0,0,7.537783138,7.509762691,7.484749822,7.47160789,7.431905169,3.731064846,3.721345639,0,0,3.747844989,0,3.729256013,3.739855642
KY, Madison County ,60.1021737,20.29838628,10.05530417,30.45066991,81.29255157,81.54112731,41.22861266,51.45621076,82.70443503,104.5369015,73.58351729,41.98152813,20.99517111,73.69196758,21.12824847,10.53074979
KY, Magoffin County ,1.40234753,0,0,2.66673778,2.608480169,2.540263171,0,1.239787253,0,1.215081593,1.197819968,2.357323024,0,0,1.146552317,0
KY, Marion County ,0,15.15725654,0,0,22.56148003,0,7.542615779,0,7.556865412,0,7.51653638,15.13660789,7.662835249,15.46192501,7.710100231,0
KY, Marshall County ,21.92621828,10.86720278,5.393743258,21.4178625,31.46963181,15.58360605,25.78382838,30.83564601,25.44917799,20.23369923,25.23213565,14.97230124,5.006508461,10.03009027,15.70598398,5.191299382
KY, Martin County ,3.320824893,3.317299718,6.609822196,0,3.260089978,6.478781989,0,3.180358108,3.18288879,0,3.177629488,3.196522184,0,0,3.218331617,0
KY, Mason County ,55.61735261,7.943442688,7.867201636,15.65190171,15.2230172,0,7.478872186,15.12401694,15.19756839,7.668711656,7.754943777,0,0,7.877116975,7.965588657,0
KY, McCracken County ,36.97313286,184.0716652,73.67387033,48.8997555,60.61340769,96.07301549,82.99739151,23.82938163,107.4755195,24.00384061,12.02645821,35.60830861,35.5450237,11.83712121,59.672992,0
KY, McCreary County ,0,1.542614732,0,0,4.667807686,3.104144032,3.092241566,1.540238737,3.063397001,0,0,3.040484045,1.52357736,1.529800514,0,0
KY, McLean County ,17.57057514,0,0,5.75937338,5.724426126,11.26252956,11.17818019,0,5.511463845,5.492393036,5.467468562,5.471656818,0,0,0,5.598790661
KY, Meade County ,0,17.8486435,23.77414562,5.977643613,11.90334484,17.72735331,11.66997316,5.794078452,11.45869142,17.17819514,17.14285714,0,5.728032993,0,0,0
KY, Menifee County ,3.547483061,3.508033396,3.45793423,3.454350755,0,0,0,0,3.452800221,0,3.480318797,0,3.412852804,0,0,0
KY, Mercer County ,30.46458492,15.08068165,45.1059991,30.39051816,30.31681067,45.58577724,30.45530684,30.83564601,15.4870683,15.83029919,78.6410821,15.60062402,15.81527756,15.78531965,0,0
KY, Metcalfe County ,19.23631817,0,0,9.503896598,0,4.710537472,9.442424815,4.704775347,4.700794434,4.697923518,9.368559116,4.698364969,4.678800356,0,0,0
KY, Monroe County ,0,29.77667494,20.07830539,0,9.992006395,0,0,9.816432708,19.67342121,0,0,9.921619208,0,10.03009027,0,0
KY, Montgomery County ,0,51.35227662,25.95829367,26.13012804,8.812125485,0,17.64135133,35.80700027,0,0,18.23985408,9.165902841,9.221689414,0,18.74062969,9.387027129
KY, Morgan County ,4.415011038,4.376176097,4.300890284,0,0,8.166265159,3.986446083,3.913894325,7.697933105,0,3.765485559,0,3.71830148,7.335142669,0,0
KY, Muhlenberg County ,7.161271842,14.23892923,7.059654077,21.12527287,13.96745583,28.13137351,28.22068576,21.14015926,14.22981145,14.35956347,0,7.287036362,0,29.87303958,29.89089822,0
KY, Nelson County ,3.145148608,15.73910854,6.32091274,15.82879575,15.81527756,15.82528881,15.82528881,9.48556613,12.70405895,6.348198699,3.160656152,6.344775078,9.561143513,3.197646532,0,6.42137032
KY, Nicholas County ,5.310392438,0,0,2.544076119,2.503316895,0,0,4.759638267,2.348079271,4.653976823,0,2.271591477,4.506940689,0,0,0
KY, Ohio County ,14.72970982,14.53911021,28.510335,28.26855124,42.02269225,14.01738155,27.98376941,13.99972001,14.01541696,0,28.078057,28.1848929,14.23082396,0,0,0
KY, Oldham County ,13.08158549,8.680555556,17.27041147,25.90897314,21.32014327,8.470628097,25.36139995,4.202740187,8.324661811,12.55860683,20.96699795,16.66388935,8.313934154,4.158522893,0,0
KY, Owen County ,4.264846999,0,0,0,0,1.842774481,3.550568979,3.448811022,3.368421053,0,3.309888291,1.645927974,0,0,0,0
KY, Owsley County ,0,0,9.303190995,27.95378308,9.180207473,0,0,0,18.16530427,0,0,9.244707405,0,9.415309293,0,0
KY, Pendleton County ,20.61005771,41.58868788,0,0,0,0,21.0837023,42.29223937,0,21.21790791,20.97315436,20.733983,0,0,0,0
KY, Perry County ,13.81692573,0,6.805962023,26.99237465,13.50530083,33.59312013,20.03740315,26.78272514,20.17891976,0,0,13.65280907,0,13.75610427,20.74688797,0
KY, Pike County ,17.08875901,6.870019236,10.28101439,17.1391355,13.77268189,20.79650619,27.74983524,0,13.94408422,10.44822903,20.91029484,17.3973556,3.524104877,7.114652627,14.43365929,0
KY, Powell County ,2.919452311,5.916547103,1.482843501,1.495886313,1.513546239,0,3.047294003,0,0,3.064899241,1.536499547,1.539645881,0,0,1.586470579,0
KY, Pulaski County ,60.37280205,60.54643154,45.9664445,100.231303,76.62248104,30.49477777,54.08328826,38.68172675,54.71314679,55.36222714,39.54132068,31.67564143,56.07626372,16.01281025,24.22871911,8.149295086
KY, Robertson County ,1.772169845,0,1.737770441,0,0,1.668056714,0,0,0,0,0,0,0,0,0,0
KY, Rockcastle County ,0,88.65248227,43.63001745,43.30879168,43.51610096,88.84940027,43.30879168,89.12655971,0,43.70629371,0,0,0,0,0,0
KY, Rowan County ,0,6.03427468,17.98129945,0,29.72298181,0,11.78272652,23.42194636,5.808550186,0,5.858917272,5.842486562,5.85343011,0,5.941064639,0
KY, Russell County ,13.58880283,4.47968463,17.9139236,4.474673349,4.507550146,4.471871926,8.808244517,8.728288383,12.98869983,4.284490146,0,0,8.377665145,12.36960376,0,0
KY, Scott County ,6.136475209,12.21971039,6.080875646,6.033546519,35.60619548,23.50452462,11.60631383,28.90674683,17.11449598,5.671506352,22.781638,5.657388549,11.38563133,5.641748942,11.25492403,5.670220005
KY, Shelby County ,5.984082341,8.68382204,11.23563945,5.44751321,5.25610365,10.0915811,9.541074325,11.49663149,13.28697655,8.634646519,4.214341404,8.322929671,10.19035585,3.994647173,1.949013799,0
KY, Simpson County ,5.956990528,8.811349018,2.877366634,5.601299501,5.452265416,0,0,2.479236395,2.436409707,4.810467577,4.732719657,4.660157979,2.290898261,6.773538045,0,0
KY, Spencer County ,6.091617934,0,6.013590715,0,0,0,0,17.45505324,5.820044232,11.60968248,0,5.771672631,0,5.630630631,5.600672081,0
KY, Taylor County ,8.395600705,15.92483478,30.259475,14.39677512,6.964758323,20.09511689,19.18403888,12.23540927,0,11.78480938,5.845218611,23.04678497,5.73855159,5.689576695,5.638249887,0
KY, Todd County ,4.371775815,0,0,0,12.746431,8.419280152,4.17170748,4.153168868,4.122691293,4.103911027,12.15116044,0,0,0,0,0
KY, Trigg County ,8.385041087,8.318775476,8.350730689,8.391373668,8.433125316,0,16.53986107,8.217602104,0,8.009611534,8.046994448,32.1724443,7.912018356,0,8.021819349,0
KY, Trimble County ,0,7.810669374,0,0,14.88316714,0,7.256894049,0,7.065639794,0,6.971070059,7.034822371,6.940106878,6.989097009,7.071135624,0
KY, Union County ,24.31019813,11.8357202,0,11.55668554,0,0,0,0,11.17318436,0,11.35976372,22.6963232,0,0,11.4521301,0
KY, Warren County ,45.51957342,52.18525766,38.95850919,58.46053914,77.66487606,58.68927291,32.79548734,46.48074369,19.9044586,86.64356172,32.70752927,32.72893893,52.9310573,33.08847859,13.18565401,0
KY, Washington County ,0,0,1.046287771,2.046642994,0,0.979230521,0,0.931480309,0,1.779755284,0.875587738,2.596098929,0,0,0,0
KY, Wayne County ,0,18.18677821,26.92273176,0,0,8.819119852,0,8.591065292,8.657259112,0,0,16.97648756,0,8.389261745,0,0
KY, Webster County ,0,5.012782596,0,4.913280597,4.884482001,0,4.866890544,9.67726327,14.45295563,0,0,4.788584016,0,4.83652544,0,0
KY, Whitley County ,42.56224729,7.171029043,0,14.37607821,0,14.28163382,21.62162162,28.84546045,0,29.23762883,36.77822729,14.76777671,22.26179875,14.93428913,7.556294393,0
KY, Wolfe County ,5.571806658,2.770773877,2.774463835,0,0,0,0,0,0,2.778240818,0,0,2.807332753,0,0,0
KY, Woodford County ,28.06623632,57.43000718,0,14.17836382,28.26455625,27.77392029,55.12679162,27.31121125,0,13.60359135,13.60174102,0,27.75850104,13.74570447,0,0
MI, Macomb County ,1.364078012,1.33992128,1.134022063,1.061702147,1.032459199,1.660611262,1.115587665,1.302684146,0.856707547,1.001859451,0.836084344,0.961663713,0.738579872,0.32422604,0.365758152,0.171344368
MI, Oakland County ,156.4758908,164.8426348,125.2857022,140.2169139,131.7055874,211.6793226,122.2695879,95.45439584,107.9931277,122.0484614,75.99029911,69.60744638,64.63706289,43.43000531,46.35401682,7.987092858
MI, Wayne County ,370.0641707,393.716288,297.6899262,315.8684408,260.4783329,685.914819,245.2125175,250.6072406,263.0153941,181.7267912,202.0359002,139.930812,152.5463506,175.8018518,93.58914366,31.24755878
NJ, Atlantic County ,94.32344366,112.0979564,116.3291685,98.8736996,132.9388053,215.5172414,102.2277122,127.4264112,84.98342823,55.30032329,72.79890373,99.13365803,51.9728009,21.54522342,17.37015807,8.754267706
NJ, Bergen County ,190.5496997,218.0549498,215.8465307,166.481687,159.9185869,258.3097768,166.3498099,112.415987,107.0409134,99.9191131,90.28272749,107.5782931,55.27251754,72.62515735,46.1759059,9.73780948
NJ, Burlington County ,90.96697899,87.87612497,96.96969697,93.31446976,95.19842923,205.0981541,98.52216749,121.3066459,94.57484309,91.05913152,66.94934166,74.84614958,49.56902487,55.18611517,33.13452618,5.482907037
NJ, Camden County ,203.6011962,168.8311688,346.8813404,278.5700073,266.3647866,673.3099919,236.918703,244.91462,131.0887264,256.3214409,174.4713518,168.6340641,162.3491212,157.7626389,29.04654709,14.41857112
NJ, Cape May County ,15.05147605,17.82425287,22.49894842,27.16126028,24.65974297,44.66030257,22.60275211,17.84949307,9.664042733,7.813381718,10.20165267,11.66287623,9.743027646,1.614283178,6.405431806,2.388763258
NJ, Cumberland County ,0.796844496,3.602665973,6.030078029,3.221312202,2.006766818,7.21171182,4.747962333,1.588814744,2.38139653,2.7641217,6.648572121,1.945487442,2.331038555,2.350876093,0.791305139,0.795529126
NJ, Essex County ,22.33675104,21.8226257,24.52489822,16.24246756,19.93609673,30.04001759,16.18559482,10.6905565,12.17394986,12.56018422,10.35711327,8.770798401,6.681640394,6.138390003,4.572822193,0
NJ, Gloucester County ,94.70593806,230.127529,163.0069997,193.1993818,250.4334425,585.4800937,205.399061,196.2901168,205.399061,196.3672067,118.3665417,138.6825161,199.7602877,100.6846557,60.465585,9.968102073
NJ, Hudson County ,261.6483848,222.7848101,203.3760423,152.2688052,253.781342,325.0050782,246.1458738,239.4572303,161.4205004,202.020202,144.9065353,149.4768311,105.6284895,74.76076555,74.66029565,14.70155837
NJ, Hunterdon County ,82.70538504,74.30110523,141.0437236,123.3162588,86.14088821,155.9758237,124.7241677,114.4928919,113.5610864,66.8513036,86.75534991,48.45900368,58.46243788,38.86136209,49.15454188,9.926543578
NJ, Mercer County ,136.8151805,172.5163593,173.3620277,136.7013373,166.1228122,283.8892832,116.8975393,69.97492565,122.313472,116.0766106,93.27814376,82.61049153,106.8185864,48.0393923,42.75853644,12.30693496
NJ, Middlesex County ,217.552534,243.3694249,238.4263859,214.2074325,225.3154416,472.6943578,260.8909673,172.8907331,205.6807052,144.74573,158.4177428,153.6836039,87.98514029,63.56968215,44.08955078,19.80492152
NJ, Monmouth County ,203.905576,286.8482062,199.2343152,202.5316456,211.8807304,399.5389935,221.5854823,177.9426797,165.4757428,113.5804339,176.142113,130.7238366,103.7382831,77.70295271,62.95130531,11.08483594
NJ, Morris County ,8.47543818,11.17410716,10.704971,10.18051014,6.519188144,21.26569553,7.84360769,9.230542017,7.839104682,7.769244304,5.899397127,5.665491266,5.41713032,3.599331424,2.242836381,0.672320132
NJ, Ocean County ,777.9198636,678.6339755,942.6551453,1085.714286,873.3115976,1600.191068,720.566683,913.3547272,869.1270941,864.9198677,725.0129467,639.5197076,475.3730358,359.8560576,295.1435471,123.3721727
NJ, Passaic County ,201.8968917,114.4055677,135.4816858,121.939323,133.2280667,159.2515179,92.41694635,102.779953,112.6622581,87.86059452,74.36787308,74.52305246,40.11432583,50.82592122,30.29385035,5.082592122
NJ, Salem County ,8.471226069,14.22272792,14.32911102,11.58983571,37.79179627,40.54210587,31.57381096,17.20528776,20.39864786,5.868889019,0,8.862367434,11.85044735,20.70148459,5.924521595,0
NJ, Somerset County ,84.66205729,128.144281,133.7217632,100.2769554,86.14501077,212.9719264,67.68189509,67.5024108,67.44387706,87.05324757,86.45533141,52.95845169,63.09148265,38.98255531,19.55034213,9.802480027
NJ, Sussex County ,21.35155333,63.50550381,78.39857837,51.49330587,30.18412315,68.67458059,47.53077618,42.31709611,32.32211294,36.24994336,53.70328933,22.34237455,53.56186395,35.80059071,26.78571429,13.42522152
NJ, Union County ,60.13393467,39.72983711,49.40847081,31.61077515,48.21600771,90.85652928,28.6251738,28.57842737,40.80411305,24.53251922,40.95451319,21.75627533,20.30044661,24.32826945,9.473669964,8.113261125
NJ, Warren County ,39.01443534,45.00855162,24.06594068,24.21160947,42.79120946,30.58291027,38.78397327,20.83147338,23.74944337,23.95711676,20.98132662,23.99304202,12.00516222,12.00048002,15.11030523,3.017865765
NM, Bernalillo County ,174.5699232,166.4959016,154.2763475,131.8709594,119.0629425,314.0824306,130.2041983,98.79218586,133.346033,107.8338091,120.1467055,79.16904174,76.33344995,19.17974619,38.18737271,9.54380607
NM, Catron County ,0.524890298,0,0,0,0,0,0,0,0,0,0,0,0,0,0.424347354,0
NM, Chaves County ,2.227791701,9.988346929,4.395894235,8.705208979,5.4007345,10.79260922,4.23796154,4.221858673,6.275953683,4.163197336,2.068551807,2.062110777,3.090425861,1.029357269,0,1.01872415
NM, Cibola County ,7.583801001,1.888288833,0,0,5.83634878,3.860407659,1.969240464,6.024580288,0,1.964520755,0,0,1.845733587,3.781504661,1.917141159,0
NM, Colfax County ,0,0,13.92854656,6.965728615,6.960879855,0,0,0,13.63605373,13.58972617,6.704210244,6.689858175,6.721785306,0,0,0
NM, Curry County ,4.697592484,11.73020528,0,2.296791382,0,13.4589502,11.14404796,6.619155837,6.56081879,2.161227577,8.535336292,0,8.488423912,2.109526622,2.109304141,6.286803998
NM, De Baca County ,0,1.046057931,2.020059188,0,0,0,0.864139922,0,0,0,0,0,0,0,0,0
NM, Dona Ana County ,65.67425569,74.11250278,75.87253414,61.73315842,93.70607528,157.9279848,47.85833932,56.40612409,105.3484603,83.05647841,82.6446281,33.41129302,65.54153695,84.04067569,16.94197374,8.639308855
NM, Eddy County ,19.37921902,6.534879922,6.596523632,13.23451562,6.690977217,20.43875187,24.07235462,7.022965096,3.532195966,10.65832948,3.584743332,10.90829758,7.284912945,3.702058344,0,3.783865597
NM, Grant County ,5.116528947,12.87200082,7.657358722,5.138218066,7.702182285,15.34212949,10.26061974,5.11325868,5.096320457,0,2.530044276,2.529212403,5.064445063,0,2.54614895,0
NM, Guadalupe County ,0,0,0,0,0,0,0,0,0,0,0,0,0,0,0,0
NM, Harding County ,0,0,0,0,0,0,0,0,0,0,0,0,0,0,0,0
NM, Hidalgo County ,0,0,3.641395383,0,0,0,0,0,0,0,0,0,0,0,0,0
NM, Lea County ,26.36319698,8.859750155,13.36243374,22.35236264,22.38939638,45.29806124,17.57932671,21.8837535,4.354262823,8.753884536,8.788504636,0,13.21236678,8.929368694,4.480286738,4.495392223
NM, Lincoln County ,0.790857685,3.169421422,2.37561667,2.369724401,0.786813014,4.704258922,0.768621784,2.303475176,0.764613679,1.525611198,0.758777155,3.786530554,2.269563639,0,0,0
NM, Los Alamos County ,10.41883726,21.06593638,21.13271344,31.68567807,10.60108131,86.05851979,21.549402,32.44997296,43.54926511,32.90556104,11.03996467,11.04972376,33.21523472,33.76097232,11.51012891,0
NM, Luna County ,9.553379508,0,4.81139338,19.44012442,4.88114414,39.08922115,19.36014714,24.18964683,19.29849954,4.839334108,0,4.788125449,14.34583015,0,0,0
NM, McKinley County ,12.77955272,4.277342915,12.8314799,0,4.24826883,16.8847615,0,0,12.43574863,8.264804331,4.126433936,0,8.227067051,4.130012803,8.308062975,0
NM, Mora County ,0,0,1.450031901,0,0,0,0,0,3.462723779,0,0,0,0,0,0,0
NM, Otero County ,8.31289746,10.31757496,6.107864894,12.1610118,10.0122149,19.73554371,9.532343241,9.475978395,9.520907914,9.484246666,7.569449701,5.722569815,0,1.899335233,5.684078895,3.794922394
NM, Quay County ,0,0,18.88217523,18.95914305,9.480470231,38.01558639,0,0,0,8.965393581,0,0,0,0,0,0
NM, Rio Arriba County ,4.716758643,0,9.36110461,0,4.710537472,9.345794393,0,4.511820971,0,4.498223202,0,0,9.231479345,0,4.639510068,0
NM, Roosevelt County ,2.312245653,2.294630564,0,2.256521347,2.231047254,13.24620276,8.457374831,4.22065589,0,4.316298343,2.191828862,0,2.234137623,0,0,2.29152822
NM, San Juan County ,22.64166478,6.126074616,10.15682132,2.020936906,8.039554609,16.03527761,7.83637646,11.67088115,5.778787996,13.45506968,7.653891047,11.35288553,1.896489598,1.888645463,3.750867388,1.854565012
NM, San Miguel County ,1.8734661,0,1.882920032,3.756221241,0,0,1.846653863,5.544876534,1.839858699,1.833146963,0,0,0,0,0,0
NM, Sandoval County ,5.719514985,3.471579337,10.5001575,10.58400169,9.468912377,14.29388222,3.524104877,9.443985362,4.737820839,7.157769162,9.581412061,7.192347342,5.988741167,0,4.771959963,1.19345984
NM, Santa Fe County ,4.684303938,5.11189948,3.986028968,4.375133685,4.257231381,9.201409656,3.585305625,5.302836134,5.234414531,5.189772688,2.55789366,4.222402378,2.089226694,2.062476539,0.406461106,0.800102413
NM, Sierra County ,1.985781802,0,0.975505068,2.890674683,5.696112403,3.738737055,2.629226482,1.712446058,4.215105251,3.333083352,3.292397853,1.630935586,1.617403259,0,0,0
NM, Socorro County ,0,0,32.5203252,16.83218313,17.2860847,70.1754386,34.9711488,36.27788863,0,18.82884579,19.1424196,19.66955153,20.14098691,0,0,0
NM, Taos County ,0.954599259,1.900147261,1.89218339,2.823343403,1.872957306,1.855081067,0.909140499,0,1.79447839,0.895343319,0,1.79103943,1.788844764,0.886501246,0,0
NM, Torrance County ,13.17986117,4.389237589,0,0,4.409948845,17.57006062,4.363192111,0,0,0,4.381161008,4.395024832,0,0,4.448794377,0
NM, Union County ,0,0,0,0,1.81445394,3.582431755,1.77342697,0,0,1.733582969,0,0,0,0,0,0
NM, Valencia County ,6.82811362,9.092562284,13.58818734,11.29254466,13.47678624,17.82531194,4.428992183,12.93772641,12.76595745,0,4.246464818,6.365372374,6.432109089,2.158941255,4.325072445,0
UT, Beaver County ,16.28001628,0,8.241305423,8.227067051,16.65417603,16.72520488,8.438106489,0,0,8.596234849,8.63781636,0,0,0,0,0
UT, Box Elder County ,6.602839221,26.39915523,6.572029443,32.62429858,26.14379085,25.92016589,12.70971022,51.10188438,0,19.1828122,19.20122888,19.38986556,19.42753529,12.97100979,6.515082416,0
UT, Cache County ,23.78686965,24.24536307,42.61277166,30.93102382,56.57530802,38.09040122,31.80661578,38.49114704,25.97739966,6.49645943,45.80252568,33.02946228,13.28550551,6.764069264,33.93051031,0
UT, Carbon County ,0.049452731,0.049453991,0.024798641,0.024851562,0,0.025048337,0,0.025402909,0,0,0.077730941,0,0,0.025890269,0,0.025894191
UT, Daggett County ,0,0,0,0,0,0,0,0,0,0,0,0,0,0.116838127,0,0.115672863
UT, Davis County ,1.254007599,1.499468938,1.334568922,1.248173506,0.913763943,1.495944743,1.497185292,1.333486684,1.00037931,1.415616751,0.997547695,0.660554883,0.573235785,0.324689293,0.645828994,0.24187677
UT, Duchesne County ,0.048608461,0.048943625,0.148138419,0,0.10081509,0.051013563,0.155240131,0.105208228,0.107235271,0,0,0.111054658,0.055803727,0,0,0
UT, Emery County ,0.011861522,0,0.011692292,0,0,0,0,0,0.01147962,0,0,0,0,0.011237013,0,0
UT, Garfield County ,0.788413476,0,0.38570872,0,0.747040785,0.739831023,0.735946188,0,1.098844748,0.364898248,0,0,0.362839436,0,0,0
UT, Grand County ,0.112971373,0,0,0.224161468,0.223869404,0.224354588,0,0,0,0.111071742,0,0.109443077,0,0,0,0
UT, Iron County ,0.942389381,0.930823523,0.458247889,0.226022412,1.119700458,0.223591097,0.669085783,1.564036107,1.566587815,0.670554392,0.66779747,0,0.44323687,0.22225235,0.443405889,0
UT, Juab County ,0.197352711,0,0,0,0.392051547,0,0.194857705,0.194724523,0.194608186,0,0.389410374,0,0.194967499,0,0,0
UT, Kane County ,0,0,0,1.966374988,0,0,1.013222554,1.023688144,1.025115325,0,2.056195832,1.035153824,0,0,0,0
UT, Millard County ,0,0.682822241,0.67891428,0.67368648,0,0.657799529,0.652013744,0,0,0,0,0,0.636654761,0,0,0
UT, Morgan County ,0.126222305,0.125895114,0,0,0.126373522,0,0.38410964,0,0.385522351,0,0.127443084,0,0,0,0,0
UT, Piute County ,0.389827073,0,0,0.373908654,0,0.726950226,0,0,0,0,0,0,0,0,0,0
UT, Rich County ,0,0,0,0,0,0,0.16297873,0.162962794,0,0,0,0,0,0,0,0
UT, Salt Lake County ,43.2374224,44.97991968,45.27690401,40.17804388,46.2444056,49.97189081,56.01587116,50.55690374,42.04003145,41.28883488,47.89685687,34.58358223,30.83198937,24.56009697,18.28851322,3.987558816
UT, San Juan County ,0,0,0.280950173,0,0,0,0,0,0,0,0.543482691,0,0,0.269174657,0,0
UT, Sanpete County ,0,0,0.129991681,0.515481853,0.127945628,0.38103512,0.254165131,0.504963157,0.125126534,0,0.123269755,0,0,0,0.11994377,0
UT, Sevier County ,0.162114229,0.48343198,0.160119898,0.478153943,0.159082413,0.318553512,0.797532117,0,0.478203485,0.477198653,0.317062731,0.317553567,0,0.318225068,0.159293755,0
UT, Summit County ,0.424334749,0.422373103,1.047704061,0,0,1.029925516,0.410268192,0.204769072,0.204188728,0,0.608676069,0.403394972,0.40216364,0.200583296,0.200651717,0
UT, Tooele County ,0.973505086,0.764296646,0.559629451,0.733819734,1.088411681,0.899261167,0.356314426,0.530639102,0.702389001,0,0.346216032,0.345400475,0.344422593,0.17153306,0.170683125,0
UT, Uintah County ,0,0,0.606586314,0.404109797,0,0.202593193,1.014754531,0.202886672,0.404118779,0.401090163,0,0.198400495,0.197980206,0.197475864,0,0
UT, Utah County ,31.16381258,26.53389315,40.35136729,24.86595695,24.67802884,47.40931058,25.82370008,31.88388194,36.37796708,27.19731653,22.73312823,27.26074906,15.23763085,18.46324276,13.94873067,7.819708794
UT, Wasatch County ,0,0,0,0.324778663,0,0.319880237,1.269869489,0.315330088,0.313621196,0.310980085,0.308491538,0,0,0,0.301095989,0
UT, Washington County ,9.674254046,9.58877839,6.769930676,6.029746751,11.34044001,7.98977309,4.650915566,11.28818061,11.32238836,8.027453892,11.42227478,8.100554888,4.760836003,9.609444711,2.761648981,2.789692088
UT, Wayne County ,0,0,0,0,0,0.190055895,0.190420696,0,0,0,0,0.370036652,0.183666535,0.182444464,0,0
UT, Weber County ,16.52057297,10.45617437,6.555903122,14.79248911,11.06082532,12.86114556,14.67095792,11.90705172,11.89778884,7.360179588,8.282945415,9.249495902,8.361592419,2.804157631,4.665528278,2.801879127
WA, Clallam County ,0.896698535,2.835667738,0.86725455,1.703435318,1.665420377,1.787687707,1.27260464,1.721499019,1.700472577,2.136494531,1.656354604,1.195287579,0.44597397,0.444800285,0.148185689,0
WA, Grays Harbor County ,28.03476311,114.6788991,171.3796058,202.5462963,57.67012687,87.59124088,167.9261125,82.4628917,192.7843569,135.5380862,53.49023803,80.75370121,109.5590249,27.93296089,56.52911249,57.82017924
WA, Island County ,21.20129817,14.77153361,16.45602949,21.22518286,17.89257946,22.51817538,17.60394328,6.290593989,13.97993103,7.679311934,7.604215777,6.093288243,12.17563351,3.036698501,4.568156901,0
WA, Jefferson County ,28.16504718,35.36067893,28.13928948,21.29471891,56.76577024,21.38122728,35.7602632,35.88602598,14.53065969,29.13116306,29.12055911,51.41765829,7.560864963,15.33859959,7.89016885,0
WA, King County ,277.8333444,298.0161907,259.23382,240.1674562,222.9845626,217.1090441,242.4603343,238.2587791,199.9472667,171.8397594,157.2744541,134.8115656,124.2848688,81.06932416,56.89732975,17.92614429
WA, Kitsap County ,901.7132552,735.9705612,926.7840593,844.2776735,387.9728419,1143.946616,702.106319,651.6290727,550,749.2507493,594.3536404,608.5192698,566.7181865,633.9144216,219.4185409,163.8448935
WA, Mason County ,3.426652503,3.39951047,3.922359692,4.394517839,4.325750653,2.642720099,3.613817172,3.032554472,3.485101192,1.947410188,2.85438362,0.939544978,0.466936245,0.46805304,3.278135771,0
WA, Pierce County ,85.6047783,92.58347287,78.42829693,90.13245552,105.3823036,74.90341402,81.76614881,55.8519346,79.89955485,57.85956923,68.63799948,49.95836803,29.39879465,44.9648375,21.20478521,15.62201663
WA, San Juan County ,9.714396736,13.03271211,3.315100282,6.783110056,10.33129003,3.415183908,10.16845745,6.702188264,6.684268574,13.39360455,6.802952481,3.402170585,0,0,0,0
WA, Skagit County ,234.3916471,166.9797537,167.6797317,225.6410256,211.371803,233.3969871,127.6324186,84.05127128,191.448628,280.3536769,213.1287298,172.0060202,151.7779705,153.8799736,44.9943757,68.74427131
WA, Snohomish County ,6491.885144,6274.007682,4161.073826,4718.217562,6649.616368,4100.529101,5206.94259,6830.601093,4782.608696,5428.571429,3493.449782,3094.233474,3581.661891,3197.674419,2352.941176,858.3690987
WA, Thurston County ,242.8026361,220.6287921,322.4582701,409.5962551,338.106603,383.4510595,223.5318025,319.6803197,358.4229391,278.9400279,205.9732235,392.5619835,208.9864159,86.65511265,132.1877065,90.62075215
WA, Whatcom County ,25.33294731,28.89286166,23.0741924,33.54342108,26.10012006,15.4291886,21.83369443,18.01565724,30.28515868,17.05875967,18.56924005,12.30069038,12.08787888,8.802300334,5.738304618,1.411472448
